Left_Wrist_X,Left_Wrist_Y,FOREARM_NonAffected_upper,FOREARM_NonAffected_lower
0.71030253,0.47518146,0.0298270493303301,-0.3037118349257849
0.71377057,0.4765465,0.0262703766084789,-0.3043978816193423
0.71416396,0.47665295,0.0232237598616353,-0.3050872903317805
0.71689105,0.47541183,0.0206597792224479,-0.3057782637853124
0.72088647,0.47381482,0.0185510148235654,-0.3064690047021506
0.72267675,0.47215262,0.0168700467976364,-0.3071577158045082
0.7236255,0.47045904,0.0155653352435884,-0.3078577622308294
0.7244608,0.46850535,0.0146656768512761,-0.3085368764713369
0.72717434,0.46802604,0.0141109458994775,-0.3092085291244953
0.7276451,0.4669349,0.0138737225208411,-0.3098709229125176
0.72788894,0.4655732,0.0139265868480156,-0.3105222605576167
0.73033756,0.46658102,0.0142519042967306,-0.3111747735706267
0.7318987,0.47241807,0.0148076007306335,-0.311798261111914
0.7337038,0.47489303,0.0155705159379074,-0.3124052607374097
0.7349194,0.47560492,0.016513230051201,-0.3129939751693268
0.73455817,0.47589588,0.0176083232031629,-0.313562607129878
0.7339686,0.47549334,0.0188566971590288,-0.3141212471194587
0.73369783,0.47595733,0.0201761448908307,-0.3146437757342365
0.7337556,0.47737172,0.0215651027288611,-0.3151407901047802
0.73382664,0.47901544,0.0229961508057685,-0.3156104929533027
0.7338164,0.48003945,0.0244418692542017,-0.3160510870020167
0.7345532,0.48084557,0.0258748382068091,-0.3164607749731349
0.73636353,0.48307157,0.0272979227229911,-0.316845751819029
0.7382302,0.48582363,0.0281257059092348,-0.3165138969842974
0.74174565,0.48631927,0.0257000127333686,-0.3185633825679284
0.7442511,0.48501325,0.027218962038625,-0.3176486555585072
0.7453867,0.48325565,0.0272800588501705,-0.3151902870537921
0.74627596,0.48195824,0.0279060563352055,-0.3183679243372007
0.7469844,0.48209423,0.0285636967715541,-0.3232881655903102
0.7485868,0.4829644,0.0286601480533032,-0.3135294358470345
0.75004286,0.48450854,0.0280059628502537,-0.3178198361310905
0.7513731,0.48573804,0.0248479295123456,-0.3182840481726361
0.7520944,0.48648766,0.025172388755148,-0.3162641992382666
0.75213873,0.48655564,0.025495082895428,-0.3121359954696637
0.75213474,0.48682833,0.0257097399001356,-0.3157435157199056
0.7523256,0.48662892,0.0252746088447184,-0.3111856882279579
0.75225157,0.4860884,0.0236977703820269,-0.3204939158528586
0.75311744,0.4861272,0.0266518257595028,-0.3167508823520621
0.75338644,0.4857385,0.0261798276204212,-0.3161828224272087
0.7539583,0.48580024,0.0255339389770075,-0.3185191623286085
0.75430685,0.48548445,0.0265160680195825,-0.3164272012874356
0.7549461,0.48630452,0.0256194058823037,-0.3184896868192099
0.7565644,0.48725903,0.0242801155243211,-0.3143980082711079
0.7579263,0.48833373,0.0225643694332569,-0.3147953653961626
0.75870633,0.48922437,0.0208100070653853,-0.3160158767738794
0.75729424,0.49145645,0.0192408905918516,-0.3091510112515145
0.75536036,0.48774308,0.0170759759153095,-0.309108460298887
0.75504607,0.48629558,0.0146922078467424,-0.3069714577742144
0.75427973,0.48622262,0.0115548991319438,-0.3058693081400174
0.75345457,0.48630902,0.0085820950527626,-0.3042868995557358
0.7556471,0.48638758,0.0053779683447504,-0.3057178320557818
0.7554029,0.48671338,0.0158592845817187,-0.3023352971412295
0.75260913,0.4866646,0.0164555715839448,-0.3079381534629848
0.74997646,0.48548722,0.0159905966405399,-0.31409563883594
0.74694675,0.48387983,0.0156889601653624,-0.3125538902652272
0.7450645,0.48177534,0.0149019381719894,-0.3097832794210092
0.7438349,0.48021042,0.0130524515115258,-0.3127113149060924
0.74240714,0.4786361,0.0119435040280684,-0.3061786463893277
0.7414212,0.4773207,0.0097991568713717,-0.3047417136862239
0.7409408,0.4767797,0.0101205505249394,-0.3066076520471228
0.740967,0.47605327,0.0099924521433007,-0.3054240013415573
0.7410571,0.47580248,0.0100129457941119,-0.3050830171310478
0.7410512,0.47548425,0.0097166434201998,-0.309237681818095
0.7419852,0.47329545,0.0095223027189145,-0.3086017385819349
0.7435602,0.47188252,0.0100160595537925,-0.3100766438827099
0.7451039,0.4704351,0.0086195050625935,-0.305897629778858
0.7483235,0.46870154,0.0082263533466003,-0.3074483710673918
0.75098544,0.46678606,0.0065713098002671,-0.3106942521598143
0.7515945,0.4627263,0.0063479244580419,-0.3064282523988828
0.7514493,0.45979333,0.0083323728523977,-0.3044563365442003
0.75170827,0.4588238,0.0071538085526615,-0.3114592731381794
0.75280195,0.45859244,0.0089715211336592,-0.303053824359864
0.7519188,0.4565632,0.0084081686824188,-0.3048483563609753
0.7512603,0.45560062,0.0086271856505848,-0.3047305858414628
0.7502213,0.45508304,0.0080335380155034,-0.3119647690904694
0.7494757,0.45449552,0.0118097822522397,-0.3026720077242651
0.74842393,0.45416066,0.0110303068327584,-0.3139082167661116
0.7466434,0.45356077,0.0123665734039929,-0.313813386688493
0.7456286,0.45274282,0.0134071609025068,-0.3077047531780316
0.74506944,0.45244297,0.0141017001359342,-0.3132825677369897
0.74459594,0.4524032,0.0139005115715565,-0.3139622253094636
0.74425316,0.45241156,0.0145295000265139,-0.311015314326329
0.74402565,0.4523268,0.0155166393292283,-0.3084165233082315
0.74384797,0.45233864,0.0163111584834601,-0.3125285551556825
0.7441523,0.45209458,0.0166698719656305,-0.3153122942483697
0.7445596,0.45215708,0.0172417814432265,-0.3142844158954278
0.74488604,0.45242676,0.0174782550233508,-0.3188325443104434
0.7452751,0.45303565,0.0182455121353938,-0.3105517024089373
0.7449166,0.4543187,0.0169113065336027,-0.3151302317172106
0.74457854,0.45529142,0.0171982904150427,-0.3166632217729428
0.7428001,0.45625788,0.0165580310332737,-0.3169481298550747
0.7414673,0.45769095,0.0167046252180476,-0.3163818720778957
0.7410347,0.45877707,0.0170595761361867,-0.3160182809087288
0.7406779,0.46002755,0.0172236841077893,-0.3152607926428992
0.74101526,0.46202323,0.0169185305408079,-0.3123455191661912
0.7411968,0.46387023,0.01664752568056,-0.3046507830136494
0.7410417,0.46630284,0.0127278256299135,-0.3118802942478362
0.7404404,0.467522,0.012789898365658,-0.3127710448480712
0.74065554,0.46813577,0.0125093911711925,-0.3126495267983072
0.74091434,0.46846256,0.0119800075773675,-0.3124868455005318
0.7406724,0.46838266,0.013086124129655,-0.3081322055991288
0.74051976,0.46855018,0.0140962634705165,-0.3089584223712359
0.7403828,0.4686572,0.0152251115505493,-0.3090449398476445
0.7400536,0.4686787,0.0153649356666878,-0.30576425122478
0.7401896,0.46854153,0.0134675002941281,-0.3072221087925709
0.7403105,0.46822643,0.0122461508635593,-0.3145245237458652
0.7404155,0.46787995,0.010863037790164,-0.3056280189645953
0.7406942,0.4676514,0.0018185211748121,-0.2968148143939369
0.7400253,0.46766132,-0.0103283062018933,-0.3006316714284188
0.73906296,0.46774754,-0.0099471809174428,-0.2832858085051931
0.7388463,0.46760106,-0.0335082078517028,-0.2725671782284522
0.7387057,0.46726388,-0.0542484062630263,-0.252275519050048
0.7386476,0.46729735,-0.0561348046814166,-0.2618437060697922
0.7384772,0.46776882,-0.0452205593199227,-0.2653382293063349
0.74071276,0.47187603,-0.0310879999545985,-0.2732868810286671
0.7416693,0.47819078,-0.0222212688381681,-0.2716816038900853
0.74183345,0.4814457,-0.0378667147607525,-0.2652961852207562
0.742746,0.48272863,-0.0219841573296032,-0.285470932043106
0.743593,0.48409018,-0.0327791413055572,-0.2802844194600805
0.7444596,0.48531133,-2.612956664875052e-05,-0.3073889939334466
0.7462961,0.48427063,0.0599070825694521,-0.3490073347104601
0.7488925,0.4833376,0.1097910135571552,-0.3787440064334577
0.75086755,0.48281017,0.158637281055158,-0.3989582688992937
0.7529252,0.48115355,0.2057508012223124,-0.4418432223037696
0.75457805,0.48111495,0.2662134085941903,-0.4793302867123893
0.7582671,0.48257726,0.307734913378596,-0.5142253791399916
0.76150197,0.48385274,0.3508278247002118,-0.5554894599905827
0.7628196,0.48549432,0.4065718991687921,-0.5772649520930017
0.76344323,0.48676687,0.450710209848529,-0.618303824232413
0.76416427,0.48782247,0.498632560913561,-0.66080030891487
0.7646448,0.4882039,0.5684943187569937,-0.6905408913339133
0.76586753,0.48995018,0.6247452106131008,-0.7391840910313467
0.7704184,0.4906947,0.694231358543076,-0.7815926540775598
0.7750172,0.49186665,0.7447200364294997,-0.8226993837501422
0.77812624,0.49208012,0.7862393333237115,-0.847892277587456
0.7804759,0.49208936,0.8244104357291623,-0.8729277071054904
0.7817371,0.49172184,0.8581303242252326,-0.8988285357868016
0.7808382,0.49066538,0.895762875762926,-0.9213785789674364
0.7793998,0.49029768,0.9215066910313578,-0.9458964896049162
0.7778774,0.49081784,0.9472612383078344,-0.967949895829816
0.7769787,0.49034098,0.9537053408426448,-0.960981774806936
0.7758702,0.48885658,0.9794101520112232,-0.9876835996301674
0.7744202,0.4871464,0.9946532315904656,-0.9749376984475
0.7733409,0.4854798,0.9877921933605917,-0.9772482481853016
0.7730038,0.4851691,0.9602488538294464,-0.9699605973501738
0.77328056,0.48488656,0.9569700916828564,-0.9652221292313372
0.7732043,0.48498067,0.9537183854276712,-0.9596687891319872
0.77116895,0.4881723,0.9363852095251534,-0.945694437800339
0.768013,0.48854727,0.897231909759471,-0.942282955668903
0.7575429,0.48941496,0.8834115337686154,-0.901104151285623
0.74953437,0.49070328,0.8332859726494816,-0.8743723580980562
0.7419309,0.49414247,0.8302163994917855,-0.8579749565656509
0.7343547,0.4946104,0.7927372153259991,-0.8532504491696346
0.72393507,0.4945802,0.784065668553816,-0.8205794657549893
0.7162985,0.4943035,0.7326375321585741,-0.8149331611221436
0.7147613,0.49354458,0.7421148256378589,-0.820311675645394
0.71250343,0.49199367,0.737193561545906,-0.8181884468169027
0.7096887,0.4884555,0.720607462321541,-0.7881794063154545
0.70536894,0.4856775,0.7030662486904736,-0.7955418602598127
0.706351,0.48113415,0.7010471676709116,-0.7802666902577893
0.7043208,0.4746344,0.7208903762024496,-0.7932227618975862
0.7034848,0.4742326,0.7255193669558467,-0.8095095147164866
0.70530146,0.47380736,0.7639664967048375,-0.8160770457078302
0.7059127,0.47406945,0.7618468934606187,-0.835429419238657
0.70697206,0.47511062,0.7958067462954231,-0.8404407756450918
0.70790946,0.4756579,0.8024242817012767,-0.8499826001910621
0.7093052,0.47589594,0.8097651528599022,-0.8497651017967314
0.71212286,0.47700116,0.834812041414797,-0.8633278871161794
0.7137604,0.4783427,0.8394755290137867,-0.8810155453730876
0.7148759,0.48070195,0.8757682085065577,-0.9061518253096552
0.7156891,0.4825152,0.9133450461027528,-0.9198833353032084
0.7166043,0.484103,0.9317638170531,-0.9557567530072324
0.7168818,0.48478824,0.944374807635006,-0.9534714693306776
0.7168937,0.4852646,0.9491535934766436,-0.9674027585473752
0.7169031,0.48545167,0.9822903497700104,-0.9835099732879392
0.716285,0.48537916,0.992815163426532,-0.9903386240452576
0.71494627,0.4857963,0.9939568328929452,-0.9975389006949408
0.71259797,0.48616105,0.9918862661125216,-1.0
0.71124846,0.486946,1.0,-0.9868006448745428
0.71005195,0.48702773,0.99689161819397,-0.9786362029242068
0.7098314,0.48697016,0.9715440345695192,-0.9740697671694926
0.70987296,0.48691142,0.968608756535485,-0.9763821346552244
0.71006715,0.48680353,0.9588110552636224,-0.9653502489766213
0.7110377,0.48684257,0.9409293703879776,-0.9492070914056872
0.7116086,0.4869122,0.9264055766180443,-0.954045815095156
0.7118464,0.48678878,0.9140658499773856,-0.9168442815134948
0.7131103,0.4866889,0.8799024044630761,-0.9070852501410294
0.7135337,0.4864249,0.8910372826906435,-0.9137381949642333
0.7142161,0.48630464,0.8723696338171035,-0.9043967971395372
0.7144265,0.48522505,0.8750487815496051,-0.9053076575818704
0.714994,0.4840209,0.8442529363104885,-0.8900785310217214
0.71569395,0.48359218,0.8014888108990318,-0.8619076060748019
0.7162525,0.4834226,0.7938235591593771,-0.8518631566976961
0.7165571,0.4835626,0.7945214321693224,-0.8538301490802109
0.7178867,0.48389435,0.7882003201877193,-0.8431252013674405
0.7186811,0.48498607,0.7790822373711299,-0.8417441836753257
0.7203311,0.48504576,0.780316290456913,-0.8239828558604001
0.72261477,0.4847765,0.7465191450629077,-0.8216654916360502
0.72727185,0.4856301,0.7637491703915004,-0.8266913802016694
0.7301406,0.48596826,0.7459835540127457,-0.8166364324782225
0.7309083,0.48638898,0.7365998208924291,-0.8053191838846488
0.73070747,0.4863517,0.7249568632611864,-0.7994634034468193
0.73116904,0.4867235,0.7135115240682964,-0.7980356550899965
0.73136497,0.48736113,0.7179619077982139,-0.8009977175570321
0.72985137,0.48841405,0.7124732978879973,-0.7806027972868632
0.72733325,0.48920125,0.6965572534509581,-0.7869993335947938
0.71976066,0.4912049,0.6983093160222916,-0.7924259166390819
0.7095255,0.48961705,0.7221922348125139,-0.7968497143593759
0.7037181,0.48591572,0.7066288838428877,-0.7974921009410405
0.69255203,0.48561224,0.718872729476921,-0.788744429065804
0.6813019,0.47956756,0.7189847642671606,-0.7750235432682238
0.6796216,0.4788503,0.7009652498489997,-0.786109048338757
0.6768957,0.47739223,0.7096101490352077,-0.7869464128368224
0.678078,0.47510523,0.695024639433473,-0.7865345311561026
0.67923874,0.47629037,0.6649256274984451,-0.7568227228949993
0.68507296,0.478886,0.6629750114597474,-0.7398481667682686
0.6899819,0.4799393,0.6441621678467883,-0.758738517944601
0.693713,0.48361245,0.6467822602281134,-0.7518556558087071
0.699585,0.4847738,0.6540591868038172,-0.7534173882780877
0.7040383,0.48689744,0.6275562778052289,-0.7484102061177011
0.7144624,0.49162775,0.6175850693132356,-0.7339176769178787
0.7263326,0.49597615,0.6110991773305411,-0.7251975177715111
0.73581576,0.4972513,0.5977307355008878,-0.7136642474221326
0.7444542,0.5004845,0.581844112421647,-0.6957831651940486
0.7511346,0.5014816,0.5728909996644761,-0.7075705662071631
0.7573859,0.5003698,0.5517578045030004,-0.6881928335745959
0.7619541,0.49213496,0.5399209538478957,-0.6791571259265681
0.7614439,0.47974032,0.5297271200716149,-0.6686500244327022
0.76568335,0.43917418,0.5167093624278536,-0.6511454366449599
0.76938766,0.42469308,0.500839306665605,-0.6602018634326404
0.769434,0.38971114,0.4930043186628994,-0.6408606599643472
0.7654252,0.33856714,0.4644904623202785,-0.6275202852501824
0.74329174,0.32315505,0.445175871094663,-0.6146402355342855
0.6866652,0.28487697,0.4330753252171851,-0.6002877927523065
0.64907944,0.22743772,0.4065456311088447,-0.5903309348579064
0.5958883,0.21506044,0.4415188492367929,-0.5965284621427036
0.53891814,0.2076315,0.4217263770829244,-0.5872850848704446
0.49389765,0.19137856,0.4038649658545314,-0.5721118086247996
0.4725073,0.18069482,0.3816982211210202,-0.5612992218107554
0.45787877,0.17998879,0.3847841434569484,-0.5563016662964424
0.45100743,0.17359254,0.3700884117152497,-0.563473192621584
0.45546204,0.16784078,0.3583377612151202,-0.551359042355165
0.4273436,0.173681,0.3605380371590738,-0.5431571331572189
0.41079757,0.17953746,0.3327691610404508,-0.5389786957730853
0.40289867,0.18036343,0.3359629768475163,-0.5398262532367395
0.4097972,0.18134333,0.3574509020896686,-0.5522041036450799
0.41584575,0.18195109,0.3630998984453985,-0.554148611327936
0.4093243,0.18437986,0.3609436027265301,-0.5522659703487127
0.40338057,0.18697031,0.3578099328023488,-0.5356602115850462
0.39605486,0.18801266,0.3545031334774032,-0.5451034748532808
0.39287397,0.18879394,0.3677998587617848,-0.5457670826632223
0.38747266,0.18999211,0.3673159829039263,-0.5514244359640011
0.38827598,0.19034909,0.3529965379993455,-0.5430108187597135
0.38949892,0.19080709,0.3554722403147182,-0.5317038513814715
0.390268,0.19083829,0.3540736117061346,-0.5417827160041386
0.38770142,0.19102618,0.3652099824231609,-0.5482791671228517
0.38235888,0.19285624,0.3645053919690322,-0.5513173779036038
0.38002354,0.19421233,0.3687706530417062,-0.560667230793599
0.37967637,0.19526623,0.3683739710802925,-0.5492755028264109
0.3789344,0.19496645,0.3810963995110083,-0.5607903431663698
0.37220934,0.19279084,0.3959723529010227,-0.5670483028266217
0.36505386,0.191632,0.3935941358530523,-0.5664975501503987
0.36093622,0.19086584,0.3812207801396231,-0.5540100164561226
0.3558925,0.1905894,0.3906676560668453,-0.5605823271581011
0.35554168,0.1901412,0.3946507478659611,-0.5682192104156376
0.3555141,0.18866794,0.3946269590722698,-0.5679290375722595
0.3551838,0.18677905,0.3888372815717941,-0.5603952011425917
0.35515428,0.18484752,0.3735773658725033,-0.5607397861542689
0.35511485,0.18293306,0.3885363877989503,-0.5610656346267375
0.35496435,0.18343648,0.3829183143236039,-0.5563929556323017
0.3542578,0.18395557,0.3846994558396777,-0.5613902448722623
0.3518627,0.18548873,0.3851034430538813,-0.5609336502629676
0.35027513,0.18648373,0.3763924686807904,-0.5647636153868895
0.34955513,0.18728653,0.3757085846251589,-0.5658631591013871
0.34864888,0.1880617,0.3873160835070733,-0.5645726608165287
0.3480645,0.18858409,0.3900454261459163,-0.5590301107864627
0.3538003,0.18874949,0.3808404425457202,-0.5593284110045013
0.3546185,0.18987906,0.3774662907493125,-0.555611128630776
0.35456637,0.19123136,0.3755173754348763,-0.5512848546266471
0.35454282,0.19158566,0.3669861336952211,-0.5521188847186613
0.35421538,0.19189766,0.3598317920539607,-0.5502119088967448
0.3537461,0.19231454,0.3693217006053182,-0.5452093237567652
0.3543615,0.19251373,0.3536584634028554,-0.5376564076601691
0.35479963,0.19076322,0.3524928804324048,-0.5387945712772121
0.35491055,0.18972012,0.3565898486511531,-0.5430316690074701
0.35518482,0.18943048,0.3425593698967713,-0.5415281925570846
0.35531896,0.1893701,0.3572472170712689,-0.5511648776469343
0.35559425,0.1891508,0.3617450568151455,-0.5431287181121581
0.3540813,0.18682162,0.3707416227325028,-0.553045996673472
0.35423294,0.18542083,0.3661322239082192,-0.5472855122764312
0.35479814,0.18489282,0.3585872291727812,-0.5473412863602186
0.35614002,0.18469681,0.3551437056022861,-0.5408906734894507
0.35733238,0.18431729,0.3537532072169921,-0.5423900768015868
0.36025766,0.18350907,0.3599833275054893,-0.5414574655358403
0.36467966,0.18353818,0.347202423250499,-0.5331904532093187
0.36759293,0.18406008,0.3390194728956989,-0.534820052837823
0.36836806,0.18453301,0.3401463092229881,-0.537074097143104
0.3675882,0.1854022,0.3424089189589428,-0.5331270062863868
0.3644709,0.18613556,0.3390807034816887,-0.530800170630149
0.3630631,0.18697347,0.336527553823446,-0.5307173728773902
0.36078712,0.18785179,0.3267842070504639,-0.5277163637398984
0.36105254,0.18924391,0.3232220879078467,-0.5117499761894296
0.36335674,0.19438241,0.3261461421874679,-0.5196424232197426
0.36509928,0.19479267,0.3144583901133252,-0.5108590574885595
0.36584824,0.19397372,0.3064326939834151,-0.5067345146194062
0.36592516,0.19225192,0.2973009705295019,-0.4963161661302848
0.3662258,0.1911628,0.2990459291276168,-0.4978237346957009
0.36317623,0.19050704,0.2867194704372033,-0.5034087059641501
0.3605651,0.18757224,0.2885100762653814,-0.4920001023947908
0.3613695,0.18698621,0.2826083452478086,-0.4814661370970539
0.36160627,0.18708795,0.282603599453543,-0.4869001576509647
0.36183158,0.18834758,0.2844226862561759,-0.4853908079141546
0.3646358,0.18939422,0.2882158745354527,-0.4873992340884413
0.36356726,0.18950626,0.2918542391496967,-0.4881359267839232
0.36425233,0.19112016,0.2884462532738865,-0.4940167557530572
0.36594886,0.19226788,0.2784005281960248,-0.4845537219766151
0.36392292,0.19300385,0.2794937864910837,-0.4798486758379808
0.370137,0.19252579,0.2745422006217987,-0.4841354572139633
0.37846076,0.19214885,0.272565597269432,-0.4801083233964323
0.3887483,0.19137421,0.2567707397313688,-0.4749110066398183
0.3893373,0.19150461,0.2646654375364101,-0.4653822837767374
0.3895786,0.19189762,0.2556613323835673,-0.465154362034061
0.39409447,0.19076642,0.2561718577204582,-0.4659887363372655
0.3916574,0.1913466,0.2470512959037257,-0.4606497999786899
0.38994822,0.19112794,0.2534530561195199,-0.4606192614540958
0.38892496,0.18863524,0.2445596314192843,-0.4607688468674492
0.39168498,0.18900226,0.2537172363717557,-0.4723176655309635
0.4020476,0.18713768,0.2599968721099474,-0.4640140884640857
0.4068257,0.18719523,0.2494561847726311,-0.4567158343645847
0.39772135,0.18824854,0.2557830302983176,-0.4616260458580001
0.39460248,0.18939048,0.2504340369641882,-0.4657379872743293
0.39613894,0.1907119,0.2508886955489929,-0.4621759067986171
0.39777347,0.19185318,0.2430040497426896,-0.4486743888472118
0.40483946,0.1933923,0.2367413631583045,-0.455666809282604
0.40783274,0.19591837,0.2412723607363728,-0.4535759435250263
0.40531638,0.19665891,0.2422911396776293,-0.4577396417414748
0.4038765,0.1958278,0.2467797332693564,-0.460034467897172
0.40335938,0.19512817,0.2517040761822781,-0.4563526924005914
0.40152016,0.19341277,0.25265667800717,-0.460790717600439
0.3994855,0.19137488,0.2517457055936019,-0.4612795161940439
0.41218477,0.18609932,0.2444860848979338,-0.4534650211592482
0.41782242,0.18355516,0.24709385220315,-0.4606609042639618
0.41773632,0.18303531,0.2440760316290609,-0.4571672025068188
0.41336802,0.18397678,0.2495756004066153,-0.4602978762041853
0.40012747,0.18601844,0.2488041076511236,-0.4588335595847219
0.3952813,0.18574129,0.2531665429544174,-0.4570681448245308
0.39329728,0.18420674,0.2498881096306163,-0.4567356484117196
0.39305553,0.18302603,0.2317852302326202,-0.4616981290579768
0.38931748,0.18200366,0.2411602851125358,-0.4613603291989459
0.38753036,0.17970519,0.25486826953825,-0.4607735080964331
0.38991427,0.17741641,0.2510062542937698,-0.4630631707048961
0.3913782,0.17646565,0.2522917665864849,-0.466290162565697
0.39584115,0.17559236,0.2567889510532959,-0.4699731008750413
0.3998339,0.17469242,0.2574896085519587,-0.4690846349165568
0.40019172,0.17535654,0.2642971444829177,-0.4752859607882165
0.39764276,0.17566651,0.2726653805682134,-0.4790632608999416
0.3956375,0.17819677,0.2733659254631009,-0.4775455240111934
0.39131463,0.17848933,0.2580806079483593,-0.4765554940165265
0.38968232,0.17855218,0.2549637147438862,-0.4644349257279509
0.38798276,0.17900781,0.2598280593609333,-0.4710731838528648
0.38376686,0.18023919,0.2603643260461857,-0.4759650149988151
0.3823275,0.18153712,0.2687025588964447,-0.4792460511171372
0.38090187,0.18213767,0.2720533898421777,-0.4766180293217055
0.3789817,0.18251157,0.2829284645433294,-0.4814279689555763
0.37502313,0.18301079,0.2757877451962294,-0.4877591266008351
0.371673,0.18400122,0.2775002764151196,-0.486559243510439
0.36826053,0.18393177,0.2797494899172192,-0.4786455458940535
0.3616997,0.18378952,0.2785992969124302,-0.4866052440714033
0.35678226,0.1839315,0.2782412992323495,-0.4817952966405668
0.35662475,0.18451509,0.2763573558604036,-0.4756029751485869
0.3562914,0.18510263,0.2722769999084503,-0.4799958572038241
0.35520515,0.18550609,0.2725318933885154,-0.475959027219722
0.35470852,0.1860439,0.2706804987442135,-0.4848844814633681
0.35508066,0.18679072,0.2691905498019392,-0.4678772586646684
0.3553204,0.1872978,0.2719485096782329,-0.4703011799038102
0.3561115,0.18731599,0.2642104531772945,-0.4742491229872982
0.36051318,0.18695523,0.267506633022266,-0.4647085795333644
0.36638743,0.18678841,0.2608048653021539,-0.4716948025513797
0.36796087,0.18657684,0.252163854872467,-0.4694686481662742
0.36891925,0.1862768,0.2455464941333266,-0.4593856329155744
0.37000728,0.1858912,0.2374882302194268,-0.4525672289165324
0.370832,0.18556912,0.227866218308611,-0.4471778511361053
0.3717956,0.18489635,0.2249217677006189,-0.444813373363542
0.37425885,0.18469514,0.2152413067898193,-0.4390254296173751
0.37431163,0.18491934,0.2036512864692309,-0.4343881103957509
0.37500012,0.18496451,0.1919203467380521,-0.4218029662485852
0.37511972,0.18515314,0.1878510114879214,-0.4222904941427391
0.37510404,0.18523024,0.1773101465235554,-0.4152501507832733
0.37520263,0.18550552,0.175911427147085,-0.4156854901610511
0.37536266,0.18574311,0.166255078756683,-0.4078161944719981
0.38049102,0.18573163,0.1541914543152394,-0.4071543365401842
0.3828816,0.18575238,0.1579473108869505,-0.3997906647608331
0.38325775,0.18561806,0.1540412682294501,-0.3995311788101812
0.38257703,0.18521972,0.1431691243505273,-0.3952339360336459
0.38277644,0.18425532,0.140945632701106,-0.3998244046407607
0.38273636,0.18347213,0.1433705630262114,-0.3946796441838432
0.38281462,0.18381192,0.146243336564446,-0.3952414812699353
0.3804133,0.18388802,0.1459966209665875,-0.4004699750232022
0.3789404,0.18379553,0.1475732821204823,-0.3930843848564113
0.3786459,0.18348569,0.1299408118683326,-0.3920303395728534
0.3788273,0.1834765,0.1273357473358551,-0.3756247502384054
0.37982672,0.18366013,0.1291797920817973,-0.3834512100867135
0.3828405,0.18368693,0.1424707918857638,-0.3873070368039442
0.3850937,0.18366373,0.143237313207134,-0.3938142791169165
0.3856746,0.18356654,0.1388821276805402,-0.3926623850331511
0.3865494,0.18351167,0.1407748813031853,-0.3902060420567557
0.38749373,0.18329497,0.1367468913887276,-0.3921563121110971
0.39042866,0.1830152,0.1290458404030144,-0.3876639751416171
0.4017122,0.18174438,0.1281918159658366,-0.381270544676611
0.40570816,0.18083447,0.1373819261205111,-0.3838773312001222
0.40674794,0.18020403,0.1361465528975773,-0.3870709245161562
0.41152963,0.18005927,0.1342319421506094,-0.3851414460547155
0.4133215,0.18040507,0.1242473734584498,-0.3773454771659291
0.41635525,0.1800973,0.1238632653626232,-0.3864813210667546
0.41641623,0.18029706,0.1304735155451924,-0.3799213162743134
0.41191968,0.18053529,0.1263642986132499,-0.376722600113522
0.40442365,0.18097141,0.1306274754785765,-0.3750386999061194
0.39698312,0.1815818,0.1259062971867315,-0.3772622896308192
0.39104912,0.18199594,0.1241270589477358,-0.3751756071664635
0.388178,0.18123618,0.123023102013047,-0.3775042905950428
0.38742447,0.18035223,0.1218240330143491,-0.3747538884354005
0.38683373,0.18009405,0.118288233575615,-0.3744763022966747
0.38592106,0.17998202,0.1180319341411888,-0.3709555144808618
0.38503438,0.17989703,0.1168225302187614,-0.3647069116206354
0.38496685,0.17985848,0.1084423092984453,-0.3709078421346783
0.3845957,0.1797263,0.1032312306890094,-0.3618125499219004
0.38390422,0.17930272,0.0972363790757303,-0.354376692168371
0.3832185,0.17961663,0.0981201612611706,-0.355317772928241
0.3858337,0.17955022,0.1032728628737378,-0.3622978581622487
0.38982964,0.17953302,0.1036196631298728,-0.3621757852136061
0.39503753,0.17924803,0.1102776166052925,-0.3645748575810275
0.39658755,0.17934534,0.1115973872507001,-0.3682392133508566
0.40545186,0.17883658,0.1094036799933796,-0.3662940279150077
0.4196218,0.17486581,0.1129074140803857,-0.3667641197814432
0.4203252,0.17463979,0.1093915291436698,-0.3679062078621153
0.41940802,0.17437257,0.1156275629096978,-0.3704798492966673
0.41883433,0.17426474,0.1156874672779937,-0.3644804537282553
0.41320035,0.17481634,0.1210974552273889,-0.3786881000914017
0.4090733,0.17513973,0.1176819803005351,-0.3708718742559463
0.403227,0.17527348,0.1190448283356675,-0.3747696079487371
0.40347758,0.17549533,0.1194060254869976,-0.3711969406000047
0.40553954,0.17556186,0.1157357260371068,-0.3744173868772518
0.40568545,0.17575452,0.1150039378860267,-0.3692193543342977
0.4058436,0.17589104,0.1186589011611658,-0.370679089962672
0.4068351,0.17552254,0.1216308459961714,-0.3832863482248737
0.40726238,0.17529167,0.120908804680786,-0.3751933583824208
0.40784433,0.17580032,0.1209372384826794,-0.3714475239456353
0.40810934,0.17713408,0.1170267468125332,-0.3697034626368755
0.40292454,0.17772023,0.1223227257636554,-0.3791436422315707
0.3989606,0.17700678,0.1235321693969862,-0.3761665321580276
0.3921698,0.17675224,0.1216062752268078,-0.3728905044543743
0.390233,0.17594245,0.1237677178559524,-0.3721993753662413
0.39148507,0.1756446,0.1223655996988048,-0.3735302551411075
0.392193,0.17548697,0.1169605459756157,-0.3789738204456518
0.39129478,0.1728109,0.1171901651311435,-0.3663502444069009
0.39093548,0.17118412,0.1130127535623448,-0.3701425331280717
0.38650844,0.17014122,0.1195347749307003,-0.3772441348699465
0.38299558,0.1692925,0.1268594942908677,-0.3742922942285809
0.38531592,0.16760637,0.1196665061304976,-0.3770331388677049
0.38666213,0.16566105,0.1226380781775541,-0.3748522790618072
0.3956773,0.16268763,0.1206414090718474,-0.3728816077118259
0.40038204,0.16099833,0.1205936517793451,-0.3736200899915044
0.40222153,0.15788554,0.121172197795585,-0.3742769909639314
0.40563464,0.15516686,0.1203312103824485,-0.3699256977500764
0.405907,0.15364063,0.1149863988743069,-0.3658845502580326
0.40810126,0.15576129,0.1082366751149845,-0.3696149847616973
0.41157117,0.15748537,0.1095167695187643,-0.3714797225239955
0.41781828,0.15675218,0.1136490361594305,-0.3620468984926465
0.41627428,0.15565144,0.1184128695438295,-0.3604065147774415
0.401734,0.15675576,0.1138325923528317,-0.3747067136679735
0.39209473,0.1570228,0.1199944352163373,-0.3733417232750469
0.38282704,0.15792534,0.1202376427459995,-0.3720994252759025
0.3696838,0.16103292,0.1239480499387334,-0.3734128469825184
0.36509034,0.16275977,0.125955657084009,-0.3756550516051746
0.3650425,0.16271941,0.118816858249615,-0.3723882315541643
0.36523822,0.16485627,0.1128633949365397,-0.371290779795532
0.36492822,0.16463713,0.114821347238346,-0.3672491804802517
0.36509305,0.16412197,0.1144869436444502,-0.3723896156548922
0.3659263,0.16307084,0.1175088086638189,-0.3710219502865918
0.3688743,0.15992837,0.119026546671764,-0.3670426324401741
0.36903128,0.15658833,0.1139084393077284,-0.367073478408125
0.37078416,0.15256368,0.1123219749649554,-0.3730759657917414
0.3844486,0.1509489,0.1139265880415754,-0.3722574713073406
0.39439997,0.15028472,0.1193261373021467,-0.3714337824037815
0.39604872,0.15204,0.11544960854876,-0.3758676511032183
0.39844364,0.15397125,0.1175791879446632,-0.3729289429565805
0.39921838,0.15465693,0.1181120605019276,-0.3694380582961937
0.39945772,0.1552391,0.1182083291126032,-0.377002225649849
0.39891586,0.15576026,0.124885517515698,-0.3749645180718969
0.39930743,0.15701339,0.1279907087030623,-0.3833989616774331
0.40022853,0.158119,0.1275017254174143,-0.3747014195531792
0.39887223,0.1601996,0.1363719000971217,-0.3872981289929137
0.39015982,0.16391918,0.1408607630611505,-0.3843264505714711
0.38760504,0.16614796,0.1388013270657705,-0.3880059466826949
0.38262275,0.16794804,0.1395275296680551,-0.3849994268184094
0.380752,0.16830236,0.1406946594947303,-0.3814593519476295
0.38102993,0.16905063,0.1397721818084844,-0.3879950035748109
0.38056502,0.16940126,0.1486465910364814,-0.3871491868573722
0.38155025,0.16959415,0.147321361584979,-0.4002948746434148
0.3929738,0.16916683,0.1534472908422071,-0.3945456635140208
0.41180286,0.16930448,0.1579637706956229,-0.3905979312377681
0.41858235,0.16949056,0.1605747797045072,-0.3962284328057715
0.4225441,0.16941717,0.1611827712677014,-0.3973407330013033
0.42283642,0.16914454,0.1609964473798956,-0.3992951103230173
0.42241424,0.17090172,0.1621017608823642,-0.3993496929706269
0.41987208,0.17322709,0.1619815190650861,-0.3966145486780609
0.41051695,0.17545757,0.1592177185271189,-0.3969680976063699
0.40322462,0.17680152,0.1577388915424914,-0.3934601703018507
0.398171,0.17724802,0.1563275479578196,-0.3924241410531471
0.39190838,0.17650053,0.1507626674187399,-0.3916732284839562
0.38957328,0.17608926,0.1543294779038191,-0.3879493960504496
0.3864094,0.17579758,0.1470810005544131,-0.3886786325925876
0.38620082,0.17526406,0.1381643097124332,-0.3862576565698655
0.38990292,0.17573655,0.1364842498791189,-0.3816335189344291
0.3949428,0.17549397,0.1327052769914128,-0.3772424250169954
0.39939338,0.17603418,0.1271182379587387,-0.3739664439461612
0.40803352,0.17610955,0.1239621054591771,-0.3701656341432881
0.41413224,0.17601393,0.1119963622724115,-0.3688706957583498
0.41533303,0.17631195,0.1139394087821982,-0.3685009055087401
0.41534615,0.17742601,0.1164875236368577,-0.3635112055322514
0.4158948,0.17804858,0.1071506497340649,-0.3656125023686434
0.42102197,0.177959,0.1067055604780009,-0.3592501066471234
0.41783655,0.17942064,0.1007430920753204,-0.3542031212140489
0.41677776,0.18024127,0.0977931817260483,-0.3589294370444458
0.41648108,0.18015449,0.0941517329452657,-0.3523526189381791
0.41660273,0.18084574,0.093792224785897,-0.3527696440231793
0.41743386,0.1803366,0.0877415093217983,-0.3497533582004065
0.4167267,0.17755437,0.0857705910476421,-0.3511075703363588
0.41801527,0.17696689,0.0908310412676036,-0.3453066589364562
0.41900015,0.17715138,0.0859800444527858,-0.3534496757251113
0.4210465,0.17681785,0.0853927070133857,-0.3488751031581213
0.42111272,0.17677708,0.0864062289714223,-0.3492437565764709
0.4180847,0.17751783,0.0849665888714226,-0.3500366390886469
0.4162074,0.17793809,0.080407931968417,-0.3471899639195211
0.41237417,0.17835914,0.0865024385977286,-0.3443967186133684
0.41181532,0.17840396,0.0877839853572941,-0.3493231225454078
0.4095742,0.17810927,0.0891926213539861,-0.3493534679802533
0.40890253,0.17779054,0.0881397598243179,-0.3529891630841943
0.409132,0.17738377,0.0901439465099242,-0.3497346235437079
0.41188946,0.17795269,0.0978342396417204,-0.3594415897314592
0.41204816,0.17699267,0.1055596014139542,-0.3594684939711522
0.4156431,0.17626797,0.104949407563635,-0.3575578505924427
0.4148535,0.17524102,0.1060030200982611,-0.3534371890165494
0.4150102,0.17480046,0.1061430628315838,-0.3603739028329913
0.41959867,0.17378502,0.1076706691937253,-0.3673113030684947
0.41881412,0.17194165,0.1087065270973154,-0.3642142029005444
0.41781306,0.1709115,0.1049927609156466,-0.3549400929136718
0.41640803,0.1696843,0.1071136436541774,-0.3620611980420888
0.41545954,0.16896677,0.1064692527349023,-0.3595993328682124
0.41501915,0.16928513,0.1052592790968995,-0.3593261384330928
0.4142107,0.16977276,0.1042310293605871,-0.3580241565065153
0.41383797,0.17030634,0.1048175908476635,-0.3603855265648253
0.41943577,0.1715802,0.1017646078809597,-0.3640069128409531
0.42493,0.17178425,0.1011028156192532,-0.3595814796625042
0.4274425,0.1720557,0.1023104740536852,-0.3607820850044996
0.42758322,0.1722337,0.1063547149655938,-0.3598427443487575
0.42752823,0.17274287,0.1114085586793774,-0.3608582607370221
0.42689252,0.17420816,0.1088788624040776,-0.3600908281835103
0.42623457,0.17364667,0.1132559683423722,-0.3615525392054076
0.42436957,0.17285126,0.1102617110353161,-0.3669775398318227
0.42298862,0.17114188,0.1116342584305962,-0.3595896220876984
0.42249343,0.17022353,0.1134157677092532,-0.3657699100576985
0.42248544,0.16992758,0.1163603496909006,-0.3713105693360382
0.42184812,0.16994636,0.1133978800496783,-0.365379552890656
0.4191935,0.17044693,0.1142819179088499,-0.3683837453418369
0.41818106,0.17102613,0.1149240360043563,-0.3685265696897241
0.4184195,0.17216033,0.1170460040946636,-0.3620425796667736
0.41845337,0.17282781,0.1131546352411197,-0.3649811937489318
0.4186882,0.17333159,0.1133656725522219,-0.3580299001950932
0.41951016,0.1738343,0.1139820704603005,-0.3626541280193814
0.42158917,0.17456344,0.1042218098651617,-0.3673102095754633
0.42193273,0.17572726,0.1073399823393185,-0.3613519154736389
0.42239517,0.1771508,0.1063276114392342,-0.3660177777216464
0.42046642,0.18027684,0.1063686408113365,-0.3603295679635239
0.41985315,0.1824158,0.1133272924838386,-0.3621050051685933
0.4160634,0.18396881,0.1126386911750193,-0.365733008672943
0.4156839,0.1840461,0.1084763003173848,-0.3637429955055678
0.414181,0.18459368,0.1111037205030843,-0.3653746841876265
0.41327795,0.18508136,0.1139425073836378,-0.3654283625663413
0.4126938,0.18531781,0.1093547495073924,-0.3633674207055695
0.4124743,0.18532962,0.1074149935159492,-0.370110024161794
0.4121583,0.18606113,0.1075979804508628,-0.3550285175589876
0.4102664,0.18595003,0.1053422120733081,-0.3541036499812469
0.40756595,0.18649907,0.1026170199433417,-0.3589994280031764
0.40426198,0.18703604,0.0982908377016521,-0.361243185174068
0.4006545,0.18765159,0.0937467874025552,-0.3546033079759674
0.39697868,0.1886331,0.0995620332959355,-0.3575663273686507
0.3942224,0.18900415,0.1048225101272485,-0.3621299470823384
0.3942924,0.18823367,0.1056932020142537,-0.3607613607347004
0.39419532,0.1881198,0.1017278317635678,-0.3581032034733308
0.39201516,0.18905817,0.1002863710181664,-0.3525932436695456
0.3899383,0.19009408,0.0999687693264385,-0.3605537323736793
0.39110318,0.19007722,0.1015004843377498,-0.3575199018022718
0.3929629,0.18977486,0.1005953803019584,-0.3613662279733039
0.39328626,0.18994217,0.1074347593276021,-0.3634231929917669
0.3929229,0.19017918,0.1059097832466688,-0.3630489363824119
0.39324793,0.19139609,0.1079851312707187,-0.3627649271792531
0.3926685,0.19277802,0.1111341928295636,-0.3665351190299314
0.39085928,0.19395092,0.1180956506025591,-0.3674397090507449
0.38684037,0.19491003,0.1138228716961747,-0.3705766325080366
0.388409,0.19508494,0.1149752177503869,-0.3708028910440145
0.3886874,0.19501483,0.1217110274690062,-0.374413904935905
0.3885854,0.19558464,0.1231551865523818,-0.3754107837331963
0.3873688,0.19608377,0.127742019944736,-0.3697766587568369
0.38775718,0.19647555,0.126685934153732,-0.3734573330185756
0.3878858,0.19766024,0.1208577648207864,-0.3745319259665293
0.38784578,0.19896549,0.1200079184138169,-0.3701463151395744
0.38784114,0.1998354,0.1186528686003047,-0.3725070524227046
0.38828123,0.2000946,0.1170128297735159,-0.3730629563674654
0.38888547,0.20027915,0.1176889050421825,-0.3608941565113006
0.38983923,0.1999591,0.117584612514353,-0.3698998164745425
0.39058828,0.19979772,0.1161187135580714,-0.3642952551839539
0.3918963,0.19861582,0.1190380967794234,-0.3670983889836518
0.39287114,0.19735065,0.1150239172519512,-0.3699345161252851
0.393929,0.19589752,0.122848442604361,-0.3665411936414822
0.39475542,0.19448562,0.128551897466217,-0.3658240026016461
0.39598,0.19255,0.1200661370865981,-0.3680995528125904
0.3966754,0.19226643,0.1207667989692901,-0.3691814222035958
0.39764768,0.19228737,0.1221823372956003,-0.3757840250594534
0.39678076,0.1927919,0.1166562827488041,-0.3665550991573155
0.39557767,0.19304949,0.1161189043959848,-0.3724968868367632
0.39413425,0.19330916,0.1201716586102876,-0.3703288315486783
0.3932805,0.19379388,0.1240587576873828,-0.3696912081783072
0.39197558,0.19435069,0.1176555003900491,-0.3689033988968382
0.39187387,0.19496635,0.119725008272357,-0.3730780869010863
0.39142412,0.19590797,0.1212959775260962,-0.3656759119690567
0.39043605,0.19674677,0.1300391911519355,-0.3765579985852165
0.38986164,0.19689897,0.1340225048230585,-0.3839476357569031
0.38838172,0.19724329,0.1409079396898207,-0.376786806479702
0.3879414,0.19761416,0.1409657510663491,-0.3854818275380597
0.38791138,0.19756407,0.1514225483443159,-0.3929639670900536
0.38822684,0.19747566,0.151517818141833,-0.3936345784745076
0.3884307,0.19676878,0.1514560693491596,-0.3911910873153644
0.3885514,0.19587032,0.1520044416264842,-0.3945549652044698
0.38912585,0.19438894,0.1583826580296786,-0.4012429129211069
0.38913652,0.19388567,0.1598647537347499,-0.3961380729742654
0.3882461,0.19302283,0.1593444647662849,-0.4015643192719835
0.3881464,0.19263953,0.1665083038404052,-0.4013699249843609
0.38842785,0.19230016,0.1612014835603177,-0.3991302834048009
0.3954936,0.19219743,0.1627288607114122,-0.4057132574641591
0.40312636,0.19161105,0.1679150342543457,-0.4020071003203336
0.40940163,0.19259603,0.1708393557180663,-0.4032777897648957
0.40909007,0.19348349,0.159973665518065,-0.4022911174438282
0.40819794,0.19392923,0.1567024668362192,-0.3981221606361364
0.40719187,0.19342929,0.1629909700307468,-0.3979055802319294
0.40078092,0.19242215,0.1578734822774069,-0.3955190077666106
0.3886595,0.19252273,0.1545083116842889,-0.3952095794863266
0.3780975,0.19340321,0.1559859940443864,-0.3945715707873433
0.3729836,0.19344448,0.1533486663302579,-0.3969219039614597
0.3723748,0.19160968,0.1472149248138632,-0.3850300469981522
0.3719622,0.19082429,0.141632508513042,-0.3852256959776159
0.3739218,0.18939754,0.1457763411037501,-0.3851696625742566
0.3764607,0.18926625,0.1465582702408833,-0.3849103138427439
0.3816098,0.18926707,0.1334194305599824,-0.3834626118234298
0.38476953,0.18827686,0.1325797885325763,-0.3758481348665122
0.38831487,0.18767384,0.1377317438902661,-0.376166360051574
0.38881707,0.18830733,0.1372689315103876,-0.3839623271832337
0.39020973,0.1885307,0.135162972980827,-0.3814158693741299
0.39749646,0.18776505,0.1331680953785305,-0.3761010292660426
0.40632683,0.18720706,0.1331352089370128,-0.3796746503082009
0.40877816,0.187987,0.1390534168273554,-0.3778683239676521
0.41112313,0.18902035,0.1389173511194422,-0.3801319531660185
0.41292757,0.19175108,0.1330694672698277,-0.3792212769400684
0.4130489,0.19268674,0.1356039206553425,-0.3852252926240959
0.40564626,0.195686,0.1406729148798308,-0.3815146638196435
0.4042888,0.19767019,0.1414797681652387,-0.3810981406252548
0.4051291,0.19759151,0.1331135463918524,-0.3863825290147895
0.4045731,0.1974848,0.1408841136066404,-0.3870280343407454
0.40557915,0.19733888,0.1406971826791881,-0.3854169628541213
0.4149559,0.19689164,0.1458016255893812,-0.3820465690489981
0.41655424,0.20014647,0.1366413348003942,-0.3871381007225849
0.41858053,0.19896042,0.1419661284692207,-0.377264409227544
0.42181957,0.20434791,0.1433533849372139,-0.3882177595284476
0.43280092,0.20588073,0.1422647140291939,-0.3871313705347193
0.4319122,0.20888014,0.1382045898485401,-0.3836348509231395
0.427709,0.21002038,0.1339587334420173,-0.3880513203423478
0.42860067,0.20994711,0.1390014487665982,-0.3862373103277853
0.43028533,0.21013069,0.136134720949287,-0.3888966040709589
0.42880392,0.20961873,0.1378511424377015,-0.3901953385293957
0.42745453,0.20970565,0.1467163837265409,-0.3960423832693451
0.42640188,0.20938046,0.1436791503766674,-0.3871357720909316
0.42975667,0.20556699,0.1457580304912634,-0.3872531196567026
0.43043187,0.20434284,0.1423829602602837,-0.3936366227899824
0.43414906,0.20161085,0.1438651058044911,-0.389957580182192
0.43406862,0.2007042,0.1390330840253565,-0.3901051942452071
0.43587273,0.19861728,0.1427533345914831,-0.3928694392302767
0.4345322,0.19772431,0.1472687458757,-0.3974709161893702
0.43297553,0.19837824,0.1567514874823774,-0.3977213586312895
0.43245623,0.1997092,0.1599079519718305,-0.4059711437593919
0.43227184,0.2006027,0.1638123653835317,-0.4119352874817878
0.43078494,0.20210607,0.1795023753507858,-0.4106753779438253
0.42776287,0.2025024,0.1696949770146315,-0.414920907252294
0.4269974,0.20231436,0.1680568883028486,-0.4088651933508459
0.42640534,0.20181018,0.1813418556448711,-0.4132290287097437
0.4259221,0.20093626,0.1901203027503406,-0.4240781444998648
0.42655912,0.19892468,0.1957264432538159,-0.4315698259343211
0.41952586,0.19874594,0.2045845129107028,-0.4315508901578673
0.41892025,0.19829756,0.1989563329320939,-0.4311054510952787
0.41820335,0.19732143,0.2165972822537707,-0.4369796733847964
0.4177463,0.1964633,0.2169105424362353,-0.4375802346668579
0.4169295,0.19546092,0.2211349984005384,-0.4457615406472381
0.4148739,0.19466937,0.2223979051644944,-0.4504105227509322
0.41595978,0.19431728,0.2324785656944523,-0.4552495185797023
0.41643837,0.19399165,0.238749376476152,-0.4531470486359792
0.41664976,0.19358005,0.2445076074227183,-0.4583165315234932
0.41670048,0.19345589,0.243112804881275,-0.4657705130456284
0.41628706,0.19348636,0.2361369031384801,-0.4530986265258978
0.41560233,0.19361271,0.2329251205213351,-0.456760921492409
0.41545266,0.1936744,0.2418647246403159,-0.4550443023874217
0.41534862,0.19374895,0.2441494689163309,-0.4620684064030009
0.41478193,0.19382733,0.2440366951752732,-0.4577586561668675
0.4122918,0.19416623,0.2490868080929027,-0.4620522025302643
0.41003162,0.1943449,0.2568120670546389,-0.4738437812066117
0.40917012,0.1945559,0.2678007265036722,-0.4765139037891169
0.4062676,0.19524267,0.280019519952317,-0.4873830411953685
0.39971915,0.19686429,0.2920161797893681,-0.4918854566843687
0.3979371,0.1993467,0.2878789163771526,-0.4944091712534397
0.4005089,0.20328271,0.2877471655719799,-0.4930962979774045
0.40631428,0.20503907,0.284671307048881,-0.4920687425081081
0.41273537,0.20290421,0.3097176889507496,-0.4977620360064819
0.42123482,0.20055784,0.3081840694198863,-0.5042950012445809
0.42739788,0.19903265,0.3132043927659128,-0.5152867964578063
0.43083218,0.19807546,0.3272271747428774,-0.5183220471145183
0.4358486,0.19689067,0.3334356689875905,-0.519383368486093
0.43531984,0.19514996,0.3349800286795497,-0.5282107793931577
0.4353003,0.19394512,0.3412685197729576,-0.530499986191798
0.4344074,0.19332497,0.3506511597655803,-0.5319587372022436
0.43258882,0.19208664,0.3647083643441673,-0.5447270089558284
0.42984965,0.19136885,0.3747175644928414,-0.5501159834584101
0.42873278,0.18985283,0.3806373390009419,-0.5565008319917106
0.4248349,0.18939239,0.3903521095896428,-0.5612613748307249
0.42086464,0.18914,0.4008341292277402,-0.5690619089487189
0.41879967,0.1890535,0.4125522362441605,-0.5713286789066315
0.4165539,0.18883166,0.4087048360256985,-0.5781493356922546
0.41492817,0.18917626,0.4162285086514493,-0.576093293017497
0.41410777,0.18970335,0.4217660826270587,-0.5840184040446178
0.41363102,0.1898708,0.431882609458368,-0.6019211857444995
0.411938,0.19019063,0.4454467707233556,-0.5945160032086597
0.41060036,0.1904874,0.4400456473746542,-0.5910174086871457
0.41009802,0.19015834,0.4350395099129261,-0.5960842973859944
0.40934214,0.19051905,0.4383655544841887,-0.5868317074054761
0.4081777,0.18969384,0.442988869271405,-0.5880935430206238
0.4052549,0.18912134,0.4368403789940304,-0.5935753402921058
0.40465635,0.18781903,0.4297977247254893,-0.5945944804063853
0.40131888,0.1861993,0.4327829254979075,-0.594496075583085
0.38681567,0.18598339,0.4338220532111502,-0.5861981698368581
0.3794686,0.18588594,0.4213092534639077,-0.5802432300937307
0.37705895,0.18572052,0.4181991708304502,-0.5793575802846462
0.37509015,0.1856386,0.4009927254029726,-0.5709510956483884
0.37395737,0.1855946,0.3890872653170414,-0.562560463740136
0.37327224,0.18533751,0.3918482044716341,-0.5583328283025507
0.3721734,0.18488885,0.3991436086838783,-0.5622634429024612
0.3712323,0.18441162,0.387391128788146,-0.5537255911294274
0.3700036,0.18374729,0.3811410852903987,-0.5496990743748279
0.36926857,0.1833159,0.381962829104296,-0.54335977152695
0.3702759,0.18281627,0.378517764785298,-0.5402522474164473
0.37242448,0.182934,0.3672867744961243,-0.5426982048744259
0.3755284,0.18352869,0.347721326677589,-0.5305306816780397
0.37816945,0.18386771,0.3330093218354499,-0.5171599260254155
0.3782025,0.18429323,0.3262524706941159,-0.5132302237901983
0.37829375,0.18484542,0.3164224615195337,-0.5129777913044271
0.37830123,0.18513902,0.3131043666982773,-0.5016519875589758
0.37880585,0.18541469,0.3217502748533408,-0.506599770296055
0.37994757,0.18558283,0.3061472161133786,-0.5003938575059288
0.3804086,0.18589796,0.2999351269095084,-0.5042478177054777
0.3803099,0.18637288,0.2943472274087012,-0.4953784998422416
0.380169,0.18686049,0.295349483310069,-0.4847526704125061
0.3803996,0.18738613,0.2920426732585999,-0.4861675239196269
0.3793708,0.18763559,0.2777475030785045,-0.4914423298259053
0.3781916,0.18779044,0.2853088879768563,-0.4828988136006562
0.3773145,0.18813597,0.2783079301049,-0.4770850181961014
0.3751786,0.18853465,0.2695704519977014,-0.4795297500580214
0.37349814,0.18878473,0.274537736359783,-0.4833935404459224
0.37436152,0.18868385,0.2730193804488414,-0.4772389892253916
0.3753312,0.18821803,0.2813426443009029,-0.4757877517057944
0.37551513,0.18765795,0.2728650933983622,-0.4788598758144827
0.3750538,0.18725154,0.2702104281180637,-0.483897853655082
0.37532502,0.1869187,0.2777851389209386,-0.4749449413402834
0.37533846,0.18657553,0.2668104665602637,-0.4717703051536644
0.37590033,0.18654792,0.2635650807083248,-0.4709399047606561
0.37714142,0.18596357,0.2604741443067795,-0.4638723621398025
0.37929502,0.18604422,0.2608591306494299,-0.4770289252792811
0.380311,0.1857487,0.2627793523534666,-0.4783803133348477
0.3822227,0.18592548,0.264838773748441,-0.4658892367254402
0.38376573,0.18599965,0.256962952911456,-0.4668862750598701
0.38585618,0.18620342,0.2476226968105742,-0.4694065428005367
0.38650465,0.18639667,0.2580977941620026,-0.465290467656997
0.38577762,0.18714087,0.2520528256019063,-0.4584091244255377
0.38304317,0.18823832,0.2467297542447789,-0.4550148021341425
0.38249236,0.18880814,0.2377276453113058,-0.4565726639952425
0.3821387,0.18903904,0.2427684822026062,-0.4611120118999302
0.38185227,0.18908486,0.2443293301859645,-0.4534153073059308
0.3818307,0.1892206,0.2385041359424384,-0.4506858355325623
0.3837836,0.1894053,0.2390026259132354,-0.4530279809078879
0.38579404,0.18934475,0.2420891763982389,-0.4550145474740683
0.38554755,0.18972698,0.2395037477712506,-0.4507030206943376
0.38517392,0.19072385,0.2433696394270646,-0.457923539003757
0.3845191,0.19131368,0.2483766678908078,-0.447723888201223
0.3814844,0.19162375,0.2389206239763825,-0.4499440279209613
0.37920684,0.19436589,0.2419934001459016,-0.4489812232590067
0.3793777,0.19484273,0.2387929211514076,-0.4488500282964012
0.37801573,0.19659466,0.2461706903091976,-0.4457140715835215
0.37807938,0.19752644,0.2465053688658807,-0.4561509094291971
0.37896985,0.1969219,0.2432435043784338,-0.4570692194092262
0.3749471,0.19888394,0.2507698466144848,-0.4546495494166278
0.37580255,0.20149387,0.2461879711228235,-0.4579971212633524
0.37752503,0.20126957,0.2456627188472252,-0.4579249755838277
0.37958682,0.20416681,0.2440681477635775,-0.4555948273867526
0.38260633,0.20428069,0.2466676579835002,-0.449849301216811
0.3852483,0.20401427,0.2486289439397496,-0.4495741169611723
0.3860674,0.2034273,0.2495918913029416,-0.4550798795675418
0.3901535,0.2028352,0.2527035599083033,-0.4596524085951125
0.39087412,0.20279977,0.2477052977348149,-0.4590124792040748
0.3953705,0.20405215,0.2474223345073152,-0.456682904441662
0.40306497,0.20475252,0.256375608229602,-0.4629618329747019
0.40836665,0.20575948,0.260095587938529,-0.4609470487971876
0.41522875,0.20420328,0.2551650893490693,-0.4567976930947425
0.4202065,0.20313083,0.2525436193427573,-0.4605775083257752
0.42127118,0.20259982,0.24975539270948,-0.4641712319478553
0.42099214,0.20137319,0.2506403788218303,-0.4541389250328047
0.4207607,0.20083837,0.2417758554896834,-0.4533537286841718
0.41912046,0.20071827,0.2398980655102401,-0.4486877055514623
0.4141248,0.2004813,0.2431241538991255,-0.4535263909963834
0.40285304,0.2002323,0.2370494314681819,-0.4498712976884933
0.38677818,0.20019759,0.2406727845557516,-0.4531065653580601
0.37945208,0.19951999,0.2402700900297676,-0.4493807410721126
0.37856415,0.20051773,0.2375133357785404,-0.4525092504957977
0.37916368,0.19996752,0.2374319908578677,-0.4511318785781436
0.38291112,0.19953401,0.2393842092715978,-0.4491460485866679
0.384828,0.19910505,0.2389056104709616,-0.4492668692801201
0.3855395,0.20062566,0.2287579087166866,-0.4499987803597723
0.38457835,0.20076953,0.2355172369853759,-0.4542689433470983
0.38572285,0.19908088,0.2393652536242344,-0.447294456121042
0.38897085,0.20058404,0.2399829723956637,-0.4516529157973436
0.3899533,0.20388444,0.2378779266506587,-0.4509537251827157
0.39099082,0.20512238,0.2308891626404319,-0.4544195003715854
0.3939481,0.20700067,0.2386445479868044,-0.4497959363331313
0.39722738,0.20943208,0.2419703417836314,-0.4522862752815582
0.3976829,0.21178262,0.2297102597733583,-0.445281181083039
0.3984559,0.21345277,0.2070030804443319,-0.4357237572640864
0.40411142,0.21218942,0.1955236568564996,-0.4292148661299436
0.40813056,0.2088855,0.2044351504811911,-0.427027458807886
0.4083182,0.2070648,0.2141254974802931,-0.4373086963670134
0.40832448,0.20704257,0.2227817961694354,-0.4437679464799076
0.40580904,0.20760731,0.2225229722695036,-0.4473916494488915
0.40648425,0.20595215,0.2268291107556782,-0.4484594024810638
0.40512064,0.20277154,0.237641139933544,-0.4519519836313528
0.4050136,0.20140584,0.2465825986842973,-0.4546922097225086
0.4051618,0.2019169,0.2443733592034114,-0.4600937793905899
0.40418553,0.20090985,0.2534457761550441,-0.4597854916929333
0.40032902,0.20012334,0.2584193754144753,-0.467741432757165
0.39621186,0.19933538,0.2608269541865469,-0.4749337822130351
0.39562815,0.19834706,0.262233325867221,-0.4688122176785748
0.39502934,0.19796757,0.2702610013830727,-0.4706854708108947
0.39334324,0.19825667,0.269245975288774,-0.4751243562430461
0.39153636,0.19884947,0.2724909414342986,-0.4827945715628744
0.39158702,0.19887878,0.2782141511762852,-0.4810842446803555
0.39166278,0.1990639,0.2826278771767749,-0.4782471303863666
0.3916854,0.19917187,0.2841795386949279,-0.4870686495254683
0.3908624,0.19913131,0.2847885251026348,-0.488556040485422
0.39051944,0.19894116,0.2886441217035352,-0.4945677207105304
0.39050782,0.19852944,0.2882738755328727,-0.4872752424190167
0.3904746,0.19818321,0.2817279570128649,-0.4823080379338237
0.39273623,0.19711372,0.2750953575724503,-0.4896963620505034
0.39736438,0.19589743,0.2848032500709185,-0.4855972734400222
0.40119752,0.19595142,0.2851397759118105,-0.4836337135850929
0.39868274,0.1955243,0.2894913934043086,-0.4899985278757724
0.40012866,0.1946744,0.298824557774077,-0.4918104824864791
0.4002062,0.1969679,0.2997045498968205,-0.5009810170375665
0.40017575,0.19635986,0.2964558436361938,-0.4954669668856019
0.3999991,0.19608201,0.2883315990619108,-0.4878996401191054
0.39949465,0.19626382,0.2810245854690797,-0.4826085957744819
0.3979411,0.196446,0.2813540308926,-0.4818238325047524
0.39643538,0.19711913,0.2722165240801792,-0.4741589353406198
0.39616093,0.19781546,0.2768345211175193,-0.4785205467882049
0.3977154,0.19916262,0.2696953213127083,-0.4737528883566337
0.39546674,0.20293549,0.2674022955506379,-0.4723356626464838
0.39298669,0.20626463,0.2546070555895669,-0.4654921348448325
0.38982573,0.20903447,0.2437708619382171,-0.4559996014196765
0.38716808,0.21188486,0.2348432254000263,-0.4487006291066197
0.38586897,0.21371588,0.2165469475942086,-0.4388035254735293
0.38479957,0.21525759,0.1982890691940496,-0.4214295679065448
0.3843385,0.21560208,0.2007432417649028,-0.4311533852222001
0.38436612,0.21666598,0.2080654795865877,-0.4402007867872076
0.3841228,0.21757221,0.2201840357049579,-0.4386161818507844
0.38416287,0.21759765,0.2265297139507856,-0.4455548486153164
0.38444757,0.21764915,0.222473299011711,-0.4392225626681929
0.38536444,0.2183457,0.2172554774905621,-0.4335870507561151
0.38962865,0.22109377,0.2200497797311818,-0.431894848158148
0.3923337,0.22279763,0.2159669028059083,-0.4457601721673106
0.39345634,0.2237754,0.2290086103752319,-0.443377399737017
0.39352995,0.22375497,0.2240012124968722,-0.4450223848451024
0.39289027,0.22305135,0.229899491355398,-0.4399451804505944
0.3927419,0.22246446,0.2256841109778251,-0.4397161791344983
0.3932799,0.22140467,0.2201758540915409,-0.441507477175211
0.39586365,0.21966973,0.2162152411876573,-0.430997663909229
0.3973985,0.21753545,0.2272014619076199,-0.4420067525759987
0.39813626,0.21561444,0.2162187763874111,-0.4402831284200836
0.39836776,0.21256898,0.2255917313199035,-0.4422642475858628
0.3977097,0.21171342,0.2281078555334336,-0.4367710969667754
0.39757654,0.21125466,0.2316821675608744,-0.4450043927548786
0.3978456,0.21131435,0.2275602658447462,-0.4425887899138963
0.39768657,0.21081665,0.2201767883256507,-0.4433322325096663
0.39827305,0.21087179,0.2153453446362553,-0.4412658449554461
0.40003666,0.21075732,0.209901010054204,-0.4210121038581682
0.40039167,0.21064939,0.2048333661435812,-0.4295188812612069
0.40124062,0.20972878,0.2099736822314123,-0.4380964939927848
0.40239248,0.20754734,0.216919242651133,-0.4381157339581955
0.40018147,0.20248531,0.2219287986739178,-0.4410059269961361
0.3993573,0.19905558,0.2177559576180076,-0.4372117049408602
0.39931917,0.19914688,0.2154692645790224,-0.4365146110447584
0.3956008,0.19903682,0.2102938955475578,-0.4308235787419267
0.3892509,0.19808386,0.2066686819260062,-0.4297487283411411
0.38573456,0.19814642,0.2021577657252236,-0.4257598017145844
0.3762483,0.19917017,0.2033693210679581,-0.4239224442523499
0.3654382,0.19918421,0.2083790504306342,-0.4248780797779771
0.3589116,0.19943576,0.2017744834069708,-0.4269688461003066
0.35387906,0.1994207,0.1951436606303961,-0.4276913767114316
0.35197154,0.19999455,0.1920445566134439,-0.4183039782332495
0.3508235,0.19948359,0.1846368988933313,-0.4171383617053975
0.35094148,0.19761376,0.172375951960364,-0.4082190916447633
0.3574969,0.19396695,0.1705907881803464,-0.3984658029750196
0.36742112,0.19140257,0.1651525203448383,-0.4067926575187479
0.37268868,0.1898101,0.1606800717201165,-0.3942047641647412
0.37371466,0.18963358,0.1612851538316043,-0.4025456347700913
0.37478933,0.19010544,0.1659813058788617,-0.4055041799055019
0.3773326,0.19172117,0.1613403491638455,-0.3995071441741616
0.37749594,0.19334145,0.1636459221621534,-0.3968306228307088
0.3772888,0.19392702,0.15162566588443,-0.3968999222797304
0.37764266,0.19488156,0.152738209912851,-0.3929478111485187
0.37796786,0.19575903,0.1512145931181753,-0.3879881044950832
0.37717003,0.19673651,0.1511989618232341,-0.3953654737625358
0.37729445,0.19717708,0.1526211982676494,-0.389469933994764
0.37748542,0.19746977,0.1504419143484051,-0.3900712745422823
0.37885314,0.19771267,0.1491566224361525,-0.3873609626875585
0.38273913,0.19757067,0.151735283039705,-0.3928662187298701
0.3853421,0.19750662,0.1455670656633751,-0.3952656393134152
0.38477835,0.19770074,0.150788413142906,-0.3887639535941329
0.38734734,0.19903237,0.1491238691953539,-0.3908691264994227
0.38801825,0.19969806,0.1495639648695133,-0.3963521657099724
0.39975172,0.19984615,0.1525233294187603,-0.3896426969903316
0.42850354,0.20290579,0.1548621221671368,-0.3957232586564127
0.46134698,0.20633578,0.1580133773918668,-0.3992515252598245
0.53051424,0.20743224,0.1568962390504757,-0.3955192651168902
0.6211742,0.20621541,0.1545172199444324,-0.3938600950629351
0.68114203,0.20453936,0.1518381640942666,-0.3872325289576831
0.76489913,0.20435756,0.1449280302831286,-0.3920404517152846
0.88466436,0.19140305,0.1481393319144489,-0.3868337401183588
0.93798196,0.17881745,0.1463207323595604,-0.3804867721971204
1.0155985,0.17736225,0.1477387282024522,-0.3820427196814074
1.084321,0.18261747,0.1460490660828167,-0.3891025972397834
1.1785128,0.19352408,0.1421458133519051,-0.3855697765759717
1.2354982,0.20298903,0.142451215062465,-0.3841611020844339
1.3017173,0.21317098,0.1362109593866322,-0.3810525703677202
1.3478845,0.22921848,0.1307873797937431,-0.3777286669028104
1.3732929,0.25577468,0.1272249300707247,-0.370345766524194
1.3719423,0.27193367,0.1218944017706008,-0.3652428113213833
1.381164,0.2884,0.1190189569571123,-0.3681741255942654
1.3791558,0.30375648,0.1129536861796772,-0.3628003756686728
1.3672562,0.3164689,0.1051453317875858,-0.3607747138296527
1.352459,0.32857335,0.0991206764327209,-0.3534727205540076
1.3438345,0.35115469,0.0853475316875905,-0.351199527449138
1.347773,0.37569436,0.0849411762639215,-0.341699148196708
1.3238535,0.40121165,0.080984508502044,-0.3420206033377164
1.2596979,0.39537784,0.0830665437814867,-0.3418355552522552
1.2190562,0.4116385,0.0752575992587711,-0.3407235187298133
1.1502502,0.4112666,0.0692198908609601,-0.3308738088560963
1.0944623,0.40627384,0.059223412217417,-0.3296306742981017
1.0439143,0.4040261,0.0542707237273529,-0.3200206757452865
0.997203,0.4102108,0.0439051686740458,-0.3243157687576277
0.9320609,0.40994236,0.0427911112756669,-0.3191217683637203
0.88034827,0.4128281,0.040410131897201,-0.3173941679502189
0.8486511,0.42773888,0.036391707690926,-0.3169214674137815
0.81627274,0.45574653,0.036832128770797,-0.3084520351540272
0.7913431,0.46508333,0.0394544999039733,-0.3139814801750341
0.7778763,0.46445265,0.0402577335810002,-0.3103105262675779
0.7403647,0.4626997,0.0407962029778359,-0.3116532271514436
0.7056631,0.46315703,0.0442144837913916,-0.3148408682974007
0.68164104,0.46273038,0.0477515567557184,-0.3181413145558929
0.6666421,0.46590316,0.0513853019182565,-0.321538258276461
0.66802555,0.46572983,0.0550221043247127,-0.3249487111076571
0.6789967,0.46297067,0.0585683490207936,-0.3282896846980342
0.6831925,0.46290582,0.0619304210522059,-0.3314781906961446
0.68785536,0.46206018,0.0650793732695011,-0.3344935543993955
0.69088155,0.46208856,0.0677829384372172,-0.3371201410349927
0.6909685,0.46364316,0.070019405745067,-0.3393434508383934
0.6924745,0.4655945,0.0716951602387574,-0.3410804954581496
0.69501996,0.46876314,0.0727165869639948,-0.3422482865428143
0.6979691,0.46713492,0.0729869365067207,-0.34276724883907
0.69919574,0.46429744,0.0723990982694981,-0.3425302867657311
0.6983962,0.46370438,0.0708740070686251,-0.3414732619173702
0.69948065,0.46436858,0.0683180479498082,-0.33951318594254
0.6991898,0.46406263,0.064637605958754,-0.3365670704897934
0.6979999,0.46571383,0.0596156577854583,-0.3324499243856667
0.69682777,0.4706197,0.0533751927331806,-0.3272562219794257
0.69432473,0.47486088,0.0457273196134679,-0.3208256708553376
0.6927857,0.4749421,0.0365784234720272,-0.3130752826619555
0.69020694,0.4766653,0.0258348893545649,-0.3039220690478317
0.69164085,0.47566298,0.013106948423795,-0.2930291075499354
