Left_Shoulder_X,Left_Shoulder_Y,DELTOID_NonAffected_upper,DELTOID_NonAffected_lower
0.5663161,-0.4929476,0.4433353429299461,-0.025027089679405
0.5700754,-0.4962582,0.4569436735479555,-0.0283908785223501
0.56818646,-0.49797598,0.4693291607767332,-0.0312851762943477
0.5680626,-0.49792883,0.4803310102731327,-0.0336984857125723
0.5653734,-0.4983893,0.4900198291408253,-0.0356780038386959
0.56340694,-0.4984516,0.4984662244834824,-0.0372709277343908
0.5640076,-0.4984927,0.5057408034047752,-0.0385244544613292
0.5642485,-0.49840888,0.511914173008375,-0.0394857810811833
0.56471336,-0.49830824,0.5170569403979534,-0.0402021046556251
0.565119,-0.49828452,0.521239712677181,-0.040720622246327
0.5653105,-0.498311,0.5245330969497297,-0.0410885309149611
0.56570613,-0.49833807,0.5270077003192707,-0.0413530277231996
0.56837726,-0.49818146,0.5287341298894751,-0.0415613097327147
0.5701201,-0.4982891,0.5297829927640143,-0.0417605740051785
0.5697435,-0.49820223,0.5302248960465595,-0.0419980176022633
0.5691899,-0.4981519,0.530130446840782,-0.0423208375856412
0.5673051,-0.49808794,0.5243379184885827,-0.0465476423199533
0.56686354,-0.4980262,0.522556129913905,-0.0500891299427656
0.5667579,-0.49776605,0.5211242081928177,-0.0493269022705186
0.5666098,-0.49759346,0.520873498228955,-0.0550409122703012
0.566435,-0.49725506,0.5213094455903795,-0.056307789894651
0.56646687,-0.49715683,0.5241041153337608,-0.0600002547138795
0.5677865,-0.49710804,0.5280453831397769,-0.0623768059543392
0.56897163,-0.4966788,0.5313249217408179,-0.0634735447584263
0.570278,-0.4966166,0.5232152221146242,-0.0602629167158804
0.5710852,-0.49680534,0.5277093593644605,-0.0649819287444042
0.5709438,-0.49702638,0.5284186356374372,-0.0608821675756
0.57097733,-0.4972808,0.5261583503441825,-0.056993115589216
0.57129514,-0.49731547,0.5220763452489523,-0.0602634312633923
0.5721928,-0.49739632,0.523124056832198,-0.0686286321158171
0.5729863,-0.49767914,0.5243304420347701,-0.0696610243426631
0.5728983,-0.49833837,0.5315588187473621,-0.0770810073136154
0.5733165,-0.49854618,0.5361471494092162,-0.0760091571267927
0.5731789,-0.49885565,0.5321621031374385,-0.0750394766047257
0.573473,-0.49905878,0.532398255190242,-0.0765478271023524
0.57439244,-0.49916744,0.533926202145467,-0.0778463270252273
0.5745914,-0.49936193,0.530844650588949,-0.0737661706775039
0.57463723,-0.49952495,0.5208597131491454,-0.0804565865127285
0.57500356,-0.49955437,0.53248150303852,-0.07922536130429
0.5755766,-0.49978533,0.5330526167753538,-0.0828377548375285
0.5762662,-0.49996427,0.5271303574848331,-0.0820154003836225
0.5769863,-0.499945,0.5240096517990139,-0.0772676525901071
0.5780823,-0.4999841,0.5228666760738828,-0.0654165780828805
0.5791591,-0.4999987,0.5253723034523532,-0.0692200913809786
0.57978684,-0.50001085,0.5212585234799941,-0.0625332986243836
0.5815043,-0.4999832,0.5207488722070416,-0.059076626111729
0.5820772,-0.5000061,0.5187992923404263,-0.0479501812795851
0.582583,-0.49985924,0.512146665432426,-0.0510298121158393
0.58354837,-0.49986547,0.5186185514411639,-0.0539831392943769
0.58460003,-0.50007063,0.5129737824918186,-0.0620557703818064
0.5864557,-0.5001713,0.5176965766662757,-0.0613139808013345
0.5865333,-0.5002488,0.5200434490481413,-0.0573441950598221
0.58484656,-0.5006224,0.5181278687507291,-0.0586492586930111
0.5837233,-0.500331,0.5144190694118514,-0.0566008017718672
0.58295816,-0.50027853,0.515631971562726,-0.0534640292164245
0.5817086,-0.5002701,0.5154404918309657,-0.0538868295008955
0.58075833,-0.50026065,0.5208454559390066,-0.0533130532688591
0.5796635,-0.5001673,0.5127364267541867,-0.0488807043635941
0.5788932,-0.50009525,0.5204837917879837,-0.0550856513671516
0.57860154,-0.5000543,0.5227643608741053,-0.0567049647788805
0.57772267,-0.5003915,0.5280195764508663,-0.0583442229631288
0.5775009,-0.50074327,0.5207315341457793,-0.0542464199844466
0.577456,-0.5012425,0.5196794749894061,-0.0486710469342853
0.57786345,-0.50172037,0.5270239928838454,-0.0532402362848112
0.5789143,-0.5018324,0.5208438498481766,-0.0536323088989195
0.5792855,-0.50191665,0.5290740858121371,-0.059996435303613
0.5799869,-0.5018641,0.5264830547510334,-0.0593458467504556
0.58037955,-0.50182354,0.5215477985249185,-0.068298439031651
0.5802158,-0.50181293,0.5310450086332666,-0.0654823436489697
0.57928723,-0.5018035,0.5361706605899735,-0.0710894272774329
0.57900256,-0.5017489,0.5297885793786165,-0.0743480366930433
0.5787865,-0.50157803,0.526637749495454,-0.0739893336634066
0.5783542,-0.501321,0.5370967183026277,-0.0736306026142324
0.57790613,-0.5012361,0.5368467271525842,-0.0758308299552324
0.57737416,-0.5011363,0.532892399528859,-0.0747282452222053
0.5770252,-0.50109684,0.5338546642166632,-0.0819629966103838
0.5766692,-0.5009994,0.5381473551868154,-0.0834057354310269
0.57603806,-0.5008965,0.5402716296001546,-0.0823371998106185
0.57537603,-0.5008413,0.5416669373389079,-0.0913003015788448
0.57488716,-0.5008414,0.5438584516330259,-0.0968288796554603
0.5744634,-0.5008198,0.5389760248904555,-0.0890600139765023
0.5740481,-0.5008435,0.5375404522447477,-0.0845695658047084
0.5737595,-0.50077945,0.5385971670951117,-0.0887799631586957
0.57353485,-0.50037503,0.5391524925091957,-0.0876435625331999
0.5736444,-0.5001674,0.5360559865941059,-0.0901823649379671
0.57401675,-0.49997947,0.536062983808488,-0.0934206945603036
0.5743381,-0.49980357,0.5378363710420934,-0.0898849567884449
0.5746872,-0.49964595,0.541314775149892,-0.0916134225401066
0.57513636,-0.49960718,0.5426554084683205,-0.0959493809112871
0.5755002,-0.4995263,0.5368772397564494,-0.0871229742508182
0.5763625,-0.49933067,0.5370155962534835,-0.0881408611126156
0.5768915,-0.4992471,0.5382643729578362,-0.0956455241347146
0.5772315,-0.49916115,0.5308256871285412,-0.079448285235815
0.5777762,-0.49896944,0.5378788105314618,-0.0968417772071529
0.57808787,-0.4989419,0.5433250793543533,-0.0935490683925024
0.5783999,-0.49879435,0.540395187959254,-0.0966323923859083
0.5784841,-0.49863815,0.5464227539061745,-0.1075877678883081
0.57861876,-0.49848977,0.5476068179565361,-0.1039106178597352
0.57902056,-0.49838558,0.5493668632664354,-0.115810382169192
0.57942635,-0.49835995,0.5503642023390874,-0.1159294646843048
0.5794804,-0.49835524,0.552175652521776,-0.119442579351775
0.5793826,-0.49842924,0.5530252029456244,-0.1175320870146087
0.57915205,-0.49857527,0.553907230708254,-0.1089374286137141
0.57903004,-0.49892932,0.5479814997219434,-0.1150752384993488
0.5792732,-0.49920252,0.5402802704992937,-0.1140376238984076
0.57944584,-0.4994225,0.5420544538113455,-0.0966047453651278
0.57961196,-0.4996868,0.5465167086325405,-0.1098075114549092
0.57991487,-0.50002533,0.548958490262429,-0.1031965934736166
0.5803675,-0.50010264,0.5398103188521778,-0.0972419628180815
0.5805521,-0.500319,0.5433150613444946,-0.1032260172223
0.5806917,-0.5006263,0.5427380899420258,-0.0931511603997692
0.5806006,-0.50094324,0.5414110725485984,-0.0936903866191996
0.580559,-0.5009567,0.5440249578416632,-0.1006677529466941
0.58053154,-0.500839,0.5514771885168519,-0.0994651525248266
0.58181846,-0.50080055,0.5452225847193717,-0.1038918102812777
0.5831898,-0.50075644,0.5361102294046203,-0.0967022854525389
0.5839614,-0.5006792,0.5438625103103294,-0.0999247617877252
0.5847178,-0.5007112,0.5462400221621431,-0.1103825657093181
0.5856495,-0.50081456,0.5514663931497997,-0.1108448080969995
0.58650887,-0.5008089,0.5436663139465647,-0.1058808514543892
0.58690107,-0.500728,0.5406233797742329,-0.1071602389356729
0.5871658,-0.5005593,0.5492200591120339,-0.1094407926555607
0.58745944,-0.5005063,0.5452903319092884,-0.1123370007280736
0.58910674,-0.5004486,0.5506416398064312,-0.117967070980176
0.5903983,-0.50032926,0.5540151097133997,-0.1243363143694853
0.5914921,-0.5007298,0.5625766955277766,-0.1259892570416992
0.5928963,-0.5006736,0.5590364894876456,-0.131696715559188
0.59412247,-0.5006748,0.5622790605699037,-0.1314094967321916
0.59486246,-0.50065196,0.5577975084410647,-0.1285479773095081
0.59536237,-0.5006622,0.559233990604267,-0.1292111013820052
0.59592175,-0.500683,0.5581563150371782,-0.1253548078380134
0.59652233,-0.5006993,0.5510592165339666,-0.1246172492236225
0.59650576,-0.5006166,0.5471283042774049,-0.1170052826971277
0.5966801,-0.50045973,0.557255622054001,-0.1088807910784062
0.59625626,-0.5001908,0.5447876303041659,-0.102975680622989
0.595864,-0.500029,0.5369838890005926,-0.0918566948044813
0.5958042,-0.50001585,0.5423238283272889,-0.0998627249832003
0.59500784,-0.49997875,0.5327428299835408,-0.0802592530517285
0.5944057,-0.49988472,0.5331265180353132,-0.0728631310190851
0.5937778,-0.4998031,0.5310106122617537,-0.0737226753204511
0.59335,-0.49992222,0.5439936642993005,-0.0691888374320622
0.592569,-0.49999502,0.5328273384966177,-0.0707935192264768
0.59125805,-0.50005054,0.5240347222281335,-0.064450819510786
0.5901746,-0.50001967,0.5297779890175335,-0.0598085307745431
0.5900692,-0.5000163,0.5233510384187499,-0.0519289366779049
0.59075207,-0.49932572,0.5334248809219654,-0.0540331161035798
0.591212,-0.49893084,0.5190886336349073,-0.0526882943847707
0.5935874,-0.49881056,0.5307728030190018,-0.0658034383970838
0.59414226,-0.49871618,0.5351273436982347,-0.0689304500187824
0.59463364,-0.49883905,0.530984446292487,-0.0665742046365973
0.5969198,-0.49902242,0.5278061269368133,-0.0677749496102724
0.59838647,-0.49985555,0.5340246583083241,-0.0764341172729496
0.5981157,-0.5001336,0.5378556296845126,-0.0755806067436017
0.5977361,-0.5002009,0.5436041339812275,-0.0855464666065958
0.59875816,-0.49987522,0.5412132825965611,-0.0820191307140221
0.60011685,-0.49921593,0.5297538103644293,-0.0606732097272563
0.60023814,-0.49794564,0.5210932019108101,-0.0448892472473442
0.59939945,-0.4967744,0.5304838066244891,-0.0679019708175929
0.59869725,-0.4959049,0.5034558225193544,-0.0280987160885956
0.59989995,-0.4950217,0.5219369895988678,-0.0591833133879893
0.59801346,-0.4938407,0.5384632442951737,-0.1076493218584092
0.59672433,-0.4932364,0.5495843313588273,-0.0636739603796717
0.5961126,-0.4923693,0.5608609501765737,-0.1284677759544223
0.59567356,-0.4920307,0.5975592920589441,-0.1925821792330003
0.5953951,-0.491843,0.6295587248716051,-0.2567889149450837
0.5946771,-0.49179655,0.635483254499206,-0.2893621067802274
0.59366876,-0.49186957,0.6745060226888059,-0.348987990278686
0.59294665,-0.4919283,0.6827920398688602,-0.374526041824848
0.59314305,-0.49212545,0.699933045617025,-0.3982036420085473
0.59353465,-0.4924031,0.7066920963104912,-0.4006259282901505
0.59330404,-0.49265522,0.7212281949947741,-0.4461413682800704
0.593351,-0.4927913,0.7352519422887612,-0.4892663408697432
0.59353894,-0.49290133,0.754564280515783,-0.502739567295959
0.59367996,-0.49302334,0.7694274204864517,-0.546781739370674
0.59389937,-0.4931942,0.7909780036957568,-0.5886943342250379
0.5939195,-0.49329436,0.8076696896377065,-0.6170857873230904
0.5939564,-0.4934337,0.7959280636616152,-0.6315962826065946
0.593886,-0.49347267,0.8200746617517564,-0.6458277238130716
0.5938119,-0.49352756,0.8413816248945513,-0.6820834260225428
0.5937072,-0.493583,0.8340739204823785,-0.6668320017625684
0.59356654,-0.4936006,0.8397217321177155,-0.6872120440619306
0.593239,-0.49362853,0.8414352497100761,-0.7060761047077777
0.59263116,-0.49373117,0.8400895357402192,-0.6611310214652312
0.5921292,-0.49376693,0.8284668963601914,-0.6625064619466062
0.5914667,-0.49378857,0.818317322049485,-0.6407809046904323
0.59068376,-0.4937952,0.81057688390896,-0.6252644233356712
0.5906105,-0.49392375,0.776683640372344,-0.55317858044008
0.59068954,-0.49397063,0.7863475398543558,-0.5957448550220755
0.590509,-0.49403727,0.8059174380013889,-0.5985885499949694
0.59021014,-0.49455786,0.8009428913681752,-0.6072829508039372
0.5898817,-0.49491552,0.823352112658172,-0.6605724322407461
0.58978045,-0.49526206,0.8272029340160776,-0.6492447913500267
0.5894948,-0.49552277,0.8525854772911703,-0.6730133999745118
0.58885187,-0.49604717,0.8738436403073139,-0.7788617083667364
0.58895993,-0.49680778,0.9038958180219478,-0.8268080685756447
0.5890939,-0.49741095,0.9146956064260636,-0.8352098536060943
0.58839667,-0.49777326,0.9044482157661864,-0.797378220199457
0.58805716,-0.4979491,0.9105738838789144,-0.819336333447076
0.5875896,-0.49800193,0.898172543104457,-0.806955215217444
0.5873159,-0.49789768,0.9108670865115764,-0.8156573988520921
0.5869409,-0.4977319,0.9123997222176352,-0.8032880722418427
0.5865559,-0.49767667,0.9079023857019636,-0.8407235046961891
0.5865803,-0.49764597,0.9141665648463768,-0.7806526679675115
0.5870719,-0.49792212,0.900439749344219,-0.7923845384323303
0.5863816,-0.4992292,0.8950254291464773,-0.7973170927421446
0.5847504,-0.5005743,0.8900048846574665,-0.7767169378223523
0.58458906,-0.50164,0.8641707068008968,-0.7608699338056404
0.5852098,-0.5017962,0.8526345869407298,-0.717566616542745
0.5850806,-0.5022319,0.8552274423020706,-0.7306255530487882
0.5843157,-0.5034833,0.8504131950383843,-0.6956550526963469
0.58306074,-0.5051521,0.8141964802118888,-0.6481206239579398
0.5822086,-0.50558066,0.8291707784384934,-0.649799717516906
0.5815774,-0.505674,0.7899265124794249,-0.5735947719717877
0.58390266,-0.5057646,0.7835953346656809,-0.5382243113557958
0.5843237,-0.50558907,0.7499456461581288,-0.5089966399957806
0.5844336,-0.50558317,0.7329345364221703,-0.4959729400501619
0.58486325,-0.50541115,0.7414108692121579,-0.4735803917558902
0.58576924,-0.50532377,0.7233904377650032,-0.4792349726367994
0.5861588,-0.5051469,0.741448901605006,-0.4882794115023614
0.5868228,-0.5042838,0.7442575535975087,-0.4942746067954213
0.58818126,-0.5039998,0.7314997955910408,-0.5105766237606622
0.58846426,-0.50350755,0.746498303623705,-0.4925656420328952
0.5884699,-0.50271213,0.7735056473668358,-0.5398085621824277
0.5893847,-0.50161976,0.7738720934457807,-0.5581174248400678
0.5910474,-0.5008541,0.7862803940843545,-0.5799224395688726
0.59157115,-0.49982855,0.7973563306285201,-0.5903585883725125
0.5922142,-0.49953184,0.8040376461704128,-0.609433951890738
0.59129244,-0.49899712,0.8027694074732193,-0.6064148807232214
0.58911395,-0.50055194,0.8281930615875368,-0.6733996817357857
0.58803535,-0.5007932,0.8317158237909308,-0.6523767264284063
0.5819076,-0.4996067,0.8383254742387588,-0.6741887191182103
0.57700163,-0.4984419,0.8326936137730926,-0.6743065763578174
0.5766631,-0.49805585,0.8534462461451103,-0.6975802717804634
0.5697159,-0.49767008,0.8547226578533443,-0.6982174962742953
0.5673105,-0.49651098,0.8417672509405769,-0.7602511335171082
0.5684075,-0.49590605,0.8661981355549262,-0.6957598255220016
0.56916803,-0.4946457,0.8830124981780506,-0.7056020743026318
0.5706219,-0.49376646,0.8700319893072476,-0.7339334438448114
0.5694915,-0.49361533,0.8759328729882002,-0.7571327723945546
0.56983244,-0.4933152,0.8725063130258753,-0.7322454708604653
0.5693505,-0.4929694,0.8758043609807468,-0.7412916667332954
0.5676004,-0.49313307,0.8611729080200745,-0.723149318329053
0.56712586,-0.49318358,0.8507354813982884,-0.6950615387362681
0.5661942,-0.49325275,0.8389786987845465,-0.7077164896213936
0.56619656,-0.49332285,0.8436089495753056,-0.6809405541866026
0.5659365,-0.49355733,0.8310102311810329,-0.6678923972983286
0.5658342,-0.49369037,0.854795323192898,-0.6977085512034594
0.56515664,-0.4930865,0.8657983767907441,-0.7044162818667467
0.5660643,-0.4926348,0.8577441604802601,-0.7106418466294769
0.56879574,-0.49231333,0.8530198213157366,-0.6754348687474835
0.56958646,-0.49230045,0.8592883709994132,-0.7207391972271647
0.57049894,-0.49241182,0.836106753853741,-0.701272916518368
0.5711402,-0.4924091,0.8373105592342418,-0.6870932511469364
0.5719276,-0.49227297,0.8191780336251336,-0.6605848894367328
0.57241786,-0.49212608,0.8167563291226191,-0.6389560136283664
0.57235557,-0.4918664,0.8235936137503925,-0.658089770909492
0.5728933,-0.49125597,0.8355695304137422,-0.6433564376486416
0.5724467,-0.49068603,0.819749314514186,-0.6512170192334209
0.5724663,-0.49076313,0.8175783215169637,-0.6204120581853154
0.57187027,-0.49073792,0.80682867244178,-0.6298488619810029
0.5698157,-0.49056616,0.8013783112690475,-0.5682588330604341
0.5691875,-0.49041295,0.7880624720694647,-0.603724585113407
0.5692159,-0.4905811,0.8046004957509951,-0.5960079841231868
0.5694401,-0.49075553,0.7927982654120017,-0.5969454964232297
0.5694261,-0.49080634,0.7849486916519476,-0.5539032698407557
0.56938213,-0.4906581,0.7789002326887341,-0.5590828260627725
0.56883186,-0.48988202,0.8069683793825688,-0.5779514141050665
0.56861883,-0.4893987,0.7871138654970183,-0.5864799374086461
0.5683458,-0.48890167,0.785431941736712,-0.5900682965962243
0.5676364,-0.48820445,0.7919396316536685,-0.5717193574549497
0.5670999,-0.48743305,0.7852346504610678,-0.5571247192607488
0.5672494,-0.48690516,0.7852606099733639,-0.5844194379699019
0.56774086,-0.4862934,0.7742062217821206,-0.5823443444202401
0.5679567,-0.48598832,0.7897159702825279,-0.5656908911425049
0.5675035,-0.48570654,0.8118668618446223,-0.6238974038561648
0.56678843,-0.48568934,0.8125889146754866,-0.6300476514618577
0.5664863,-0.48561358,0.8353363334395144,-0.6690001584764346
0.5663034,-0.48556393,0.8516623401902941,-0.6739221071396198
0.5662083,-0.48555112,0.8444052194022289,-0.7272012048909485
0.5661033,-0.48576573,0.8483778649981718,-0.7163075934143797
0.56601554,-0.48593587,0.8556767666197272,-0.717647677275586
0.5658316,-0.48600182,0.8514309106170481,-0.711850992756942
0.56579554,-0.48597354,0.854285388206054,-0.729351383537943
0.56518626,-0.4858207,0.8613042523096586,-0.7224988965217837
0.5652655,-0.48553604,0.8770279660892212,-0.7535436051291314
0.56522584,-0.48541784,0.8846352696472172,-0.7641515809207376
0.56509477,-0.48534963,0.8862161684951017,-0.7442889930721132
0.5649398,-0.48532626,0.8907007261996733,-0.7772171506313234
0.56416816,-0.48525384,0.8849401658179656,-0.7758540763785814
0.56380814,-0.48507002,0.8876194738526679,-0.7726380529435447
0.5637219,-0.48512492,0.8719702480823525,-0.7808650280548408
0.5639335,-0.48541075,0.8824497595799257,-0.737973280840707
0.5639556,-0.48557848,0.8818142858441766,-0.7559017536039615
0.56396145,-0.48555684,0.8851104589074785,-0.7519330893342546
0.56433195,-0.4855492,0.8639357859399485,-0.7161680099052533
0.56517035,-0.48549944,0.8623660624873722,-0.7146431215235086
0.56561536,-0.48572224,0.8712480184314204,-0.7150631143692332
0.56669664,-0.4859562,0.8470151456263537,-0.6899863226740658
0.56678367,-0.48562318,0.832192992373033,-0.6571850197513901
0.5673567,-0.48545417,0.8344997712282372,-0.659970583182297
0.56706125,-0.484614,0.8155237439563191,-0.6564038347737859
0.5670321,-0.4840958,0.8193316261405277,-0.6415708788291101
0.5704257,-0.4845095,0.8051659569827935,-0.6400455893410562
0.5735366,-0.4843314,0.8300105680218893,-0.65858737898047
0.5746673,-0.48411018,0.8235473252293384,-0.673322618621638
0.5748192,-0.48428077,0.8279326018684022,-0.6559125999679004
0.5755305,-0.48486832,0.8200461236219668,-0.647801068326074
0.576306,-0.4853641,0.8266294907613998,-0.6737820541384203
0.5751025,-0.485881,0.8139274036373088,-0.637441255679759
0.57513094,-0.48560074,0.8131708063689519,-0.6496934540077477
0.575663,-0.48546422,0.815329615839043,-0.6190862105063498
0.57679754,-0.4853262,0.8065155433598729,-0.6479383834167232
0.57807577,-0.48540583,0.8065336941908064,-0.6416525212290439
0.577897,-0.4854364,0.8121893535171889,-0.6373397272315289
0.5789601,-0.48510456,0.8096234905357632,-0.6485225090851972
0.57878417,-0.4848903,0.8217749603831699,-0.6428358469802147
0.5789172,-0.4846674,0.8105986268976367,-0.6260687774633371
0.57845706,-0.48398378,0.8141866861883404,-0.632229082874942
0.5781758,-0.48403338,0.8216851045174891,-0.6670928920205992
0.5778413,-0.48399666,0.8187864369204778,-0.6454988405912865
0.57722384,-0.48361096,0.8104693599410683,-0.6364574386168463
0.5755767,-0.48294318,0.8040882758307689,-0.6101903985725368
0.5735399,-0.48222557,0.8037775420559347,-0.6274755641907974
0.57243466,-0.48180988,0.7945367025389966,-0.6036174115074319
0.5711153,-0.48297438,0.7912810806021824,-0.581985228287859
0.5692682,-0.48324656,0.7868869719547728,-0.5736275420647055
0.5687236,-0.48298085,0.7990191170675963,-0.5775179638703752
0.56885886,-0.4830242,0.7776294477717138,-0.560197662101853
0.5687653,-0.4827995,0.7628225571431271,-0.5652447493011066
0.5689865,-0.48228386,0.7594206809478481,-0.5160891171103692
0.56832784,-0.48214576,0.7634297122558985,-0.5196233453449809
0.5694124,-0.48212793,0.7610774738198982,-0.4905521775539589
0.5700201,-0.48191258,0.7411047469668522,-0.5202476641961152
0.5708073,-0.48153776,0.742749350101789,-0.5188431822159894
0.57293725,-0.4814687,0.757727133899675,-0.5329339365562981
0.5737474,-0.48142812,0.7589821249689196,-0.5375630399056385
0.57340604,-0.4813442,0.7523274171674903,-0.5340062544547096
0.5729796,-0.4812889,0.764132321435867,-0.533750835513928
0.5721288,-0.4811936,0.768957923122081,-0.557729918666875
0.57026684,-0.48143142,0.7763461049960587,-0.5368181439311431
0.56854403,-0.481202,0.7597401184798019,-0.5421783673485719
0.56787777,-0.48089567,0.7738414537660478,-0.5521158482934821
0.5672342,-0.4806487,0.7885455576166461,-0.5605424949120186
0.566939,-0.48047042,0.7901935561448601,-0.607892851299235
0.567383,-0.4806464,0.8091586193996965,-0.6075638616683195
0.56743544,-0.48095018,0.8214279152984554,-0.6279124386821184
0.56742233,-0.48090944,0.8212781367162344,-0.6442885684903046
0.56819296,-0.48077568,0.827525673806773,-0.6710784780934568
0.5703963,-0.4808984,0.8665798179551002,-0.7401193844414883
0.5716209,-0.48120552,0.8812811797147225,-0.7742580627243265
0.5724164,-0.48136255,0.8911610787494249,-0.7832519369399039
0.57297534,-0.48164767,0.9059211585420792,-0.8082800892953461
0.573456,-0.4819588,0.910275641952098,-0.8266948680425394
0.57357633,-0.4822828,0.9236295391038252,-0.8497927135494856
0.57413673,-0.48264036,0.9048164022707592,-0.8024508554571124
0.5740993,-0.48314664,0.923596049822924,-0.8372957951171784
0.57566226,-0.48391488,0.9271791055403144,-0.8745591372494339
0.57566833,-0.48432577,0.9225737944537308,-0.857254393362225
0.57568437,-0.4845689,0.9275239370488476,-0.8542342142695742
0.57514244,-0.48521227,0.9142709498072372,-0.8613376490427798
0.57446337,-0.48589382,0.9117224872947322,-0.828783733659579
0.574613,-0.48624822,0.9307833818540676,-0.8643758021768142
0.57427984,-0.4865314,0.911859582442878,-0.8428101265279513
0.5737345,-0.48689497,0.9018025813461984,-0.8568174081736852
0.57371384,-0.48722973,0.9347839743388772,-0.8600277258565413
0.57425845,-0.48746294,0.9265839901553672,-0.8593406244459948
0.57404965,-0.48774526,0.927518080745632,-0.8739516895982238
0.5738767,-0.48788208,0.9198436445311796,-0.8360909025507035
0.5736362,-0.48760694,0.921241305453426,-0.8088075173001145
0.5731756,-0.48758405,0.9092047287965546,-0.8170078130537276
0.5729216,-0.48748296,0.9037225957408876,-0.8390572589627481
0.5726934,-0.48739696,0.8962681175057436,-0.8006724828063779
0.5727404,-0.48764807,0.9054563389622738,-0.8015640619911588
0.57284373,-0.48778808,0.8922080544567557,-0.8237784752964679
0.57281625,-0.48787394,0.9027496483526946,-0.7993768048243667
0.5727288,-0.48800278,0.8886426466026516,-0.7685911280140805
0.5725057,-0.48803586,0.8927893483142032,-0.783921458004404
0.57257617,-0.4881049,0.9060934318263184,-0.8128535060888356
0.5726344,-0.48818716,0.9123983870545982,-0.835015943075993
0.57259274,-0.488252,0.9123492631317796,-0.8392765495597347
0.5723635,-0.48827747,0.939106203461827,-0.8672008911708406
0.57212883,-0.4883247,0.9359587644154927,-0.9076329420553262
0.571435,-0.4883426,0.9431404937610184,-0.8993098428417969
0.57103145,-0.48833287,0.9267365540408288,-0.844922417057377
0.57069814,-0.48830837,0.9255316967307268,-0.875556771076872
0.5704816,-0.4883189,0.9248376066522062,-0.8518044859044704
0.5702591,-0.48820844,0.932995910244958,-0.9026339329921304
0.5701647,-0.48819813,0.9267424455828348,-0.8685161219347959
0.5701073,-0.48821536,0.937277986561022,-0.8580886550231261
0.570026,-0.48815933,0.9509923479294016,-0.9082347454062172
0.56991196,-0.48823303,0.9504905332050722,-0.9025312449899876
0.5698878,-0.48816648,0.9545350034916856,-0.8979324347287481
0.5700632,-0.488134,0.9421778623145116,-0.8736232523790748
0.57031924,-0.48814613,0.9249451224429074,-0.8630461245079603
0.5705662,-0.4883663,0.9361741536895676,-0.8996622521989782
0.5706788,-0.48869464,0.93383014304047,-0.8983405435460424
0.57089067,-0.4888687,0.9372532332834416,-0.8640441251499925
0.571034,-0.4889799,0.9186013281723422,-0.8416296897795725
0.5709498,-0.48901397,0.9062298542587196,-0.8434065846193822
0.5710125,-0.4891866,0.918104389216579,-0.8576622282396104
0.5709817,-0.48936978,0.9206224616060408,-0.8407553472480409
0.5711168,-0.48954943,0.9196929498581354,-0.8518060633771858
0.5706157,-0.48962793,0.9057562306713944,-0.8299595935187885
0.5702145,-0.48972932,0.8858808456514455,-0.7848638187296514
0.5699288,-0.48980355,0.8919880980031459,-0.7958269193403822
0.5699709,-0.4898505,0.900780699466594,-0.8030420510198455
0.56975746,-0.48987868,0.8923736026848467,-0.8160057479379696
0.5693269,-0.48989794,0.9097999121356584,-0.8222632090189225
0.56918913,-0.49016753,0.8958613016106001,-0.8093636239223884
0.5688437,-0.49038047,0.8981134209313106,-0.8036400476476612
0.5685966,-0.4906272,0.9122310338299896,-0.8386679663947674
0.5686789,-0.49090648,0.9151578835509916,-0.8100627858381971
0.568954,-0.49115407,0.897616636482594,-0.7770697708245943
0.56896734,-0.49115285,0.883115553767441,-0.7480328685074584
0.5688899,-0.49114022,0.8686538683776686,-0.7501281590059627
0.56885785,-0.49114114,0.8856522726641096,-0.7656251627083552
0.56854105,-0.49112,0.8804492881844739,-0.7736051456755608
0.56828815,-0.49111044,0.8896500011266094,-0.7700432863255495
0.56800175,-0.4911123,0.9017951845976858,-0.8160696294673278
0.56728435,-0.49111405,0.9259379916520238,-0.8607081877683954
0.56621456,-0.49113265,0.9294300344298808,-0.8763232016342234
0.565583,-0.4911357,0.9120340814608072,-0.8305418552345373
0.56497264,-0.49132276,0.9007618103948258,-0.8168803844487553
0.5645424,-0.491465,0.9049872192033716,-0.8112003902512043
0.5641989,-0.49155965,0.9181375149825082,-0.8343669284829706
0.56356037,-0.49164793,0.9291765420296558,-0.8492410280172755
0.5626788,-0.49167153,0.9259644058573602,-0.8451140681480145
0.56159973,-0.49177083,0.9212572139769049,-0.8289609890541176
0.56118613,-0.49197212,0.9166549230063308,-0.8466434196549016
0.56113964,-0.49208647,0.9202959577038682,-0.8847625311713078
0.560797,-0.49214834,0.931620836088833,-0.8702474809537661
0.56052935,-0.49220818,0.9285372441001428,-0.9062666388653776
0.5595348,-0.49216092,0.9443993415150508,-0.8707235264504274
0.5586449,-0.49195144,0.9399426450480248,-0.892507761981448
0.55821115,-0.49171445,0.973234464577832,-0.9724888336541488
0.558076,-0.49165043,0.9968797738420574,-0.9552411149406834
0.55803734,-0.49164057,0.9899432490559684,-0.978845103295771
0.5578911,-0.49154615,0.988252026338112,-0.9802107626929764
0.5578151,-0.49154815,0.9907972834701472,-0.9853217402161596
0.55799514,-0.4914848,0.9962736726944712,-0.9866436830514008
0.5582577,-0.49121147,0.9901595765485356,-0.9930932643443589
0.55846876,-0.49107727,0.9736084274542852,-0.934743078434003
0.55905104,-0.49107885,0.951379395960348,-0.8948230312889309
0.55960906,-0.49104816,0.9363541497147694,-0.9039341228473936
0.55989474,-0.49132454,0.9503299500414352,-0.9204439007855238
0.5605586,-0.49137193,0.9745918444227196,-0.9452850570683362
0.56136394,-0.4913278,0.9399063944161152,-0.9328414153584702
0.56286615,-0.49211463,0.981703706635446,-0.967027330701878
0.5644062,-0.49259186,0.9905604335000656,-0.9785418336048428
0.5641437,-0.49312845,1.0,-1.0
0.5643906,-0.49363983,0.995285393099465,-0.9802096597654596
0.5643287,-0.49415845,0.9897180865255438,-0.9896212699662872
0.56474876,-0.49454165,0.9871853743733984,-0.9557999257638138
0.565246,-0.49500066,0.9783588846873712,-0.958037353298402
0.564485,-0.49535328,0.9684013158096302,-0.9381253431050104
0.5639227,-0.49564093,0.9569542348643588,-0.9164724871454398
0.5634473,-0.49545863,0.9656249894686189,-0.9062740461712367
0.56318057,-0.49568552,0.9449807747554216,-0.8963310351715439
0.56282216,-0.4950455,0.9341859413332808,-0.8778971829102471
0.5627654,-0.4953212,0.9358064743414398,-0.8556589969458804
0.5624925,-0.49495372,0.9380299648850504,-0.860762070109978
0.5623015,-0.49499625,0.9239250432400464,-0.8436180266583868
0.5618611,-0.4949852,0.9383241454650462,-0.8762535832547189
0.56151515,-0.49544248,0.940835356635414,-0.8595031450333865
0.5619482,-0.49544013,0.9563949456706532,-0.9135970875235055
0.5634723,-0.49531576,0.9408855585645888,-0.8832661600034009
0.56468207,-0.49511412,0.9450166906425744,-0.8751276421829927
0.5645936,-0.4947338,0.9225484483235308,-0.852590100203094
0.56360745,-0.49425265,0.9054416699124656,-0.8114705466211899
0.5628576,-0.49384025,0.8935517500150978,-0.8085584729067548
0.56237423,-0.49354425,0.8665094681992455,-0.7505940689416977
0.5625555,-0.4934001,0.8473887614580952,-0.7020395298662864
0.56239414,-0.4935119,0.8290509016908701,-0.6578336475123496
0.5622375,-0.49440128,0.8336712612270627,-0.673939929504404
0.56186116,-0.49572277,0.8378353123122811,-0.6582905166490045
0.5617559,-0.4965628,0.8217880547334208,-0.6451263624500954
0.5610576,-0.49697602,0.8165573377187559,-0.6299194779283778
0.5614837,-0.49781,0.7940118786503811,-0.5866857278577732
0.56270176,-0.49891835,0.8217527050316016,-0.6353318543466723
0.56101775,-0.4990351,0.8040515069026866,-0.5917807519801538
0.5592697,-0.49952185,0.802610531612078,-0.5927416197840367
0.55799055,-0.49999863,0.7902526465847343,-0.601585843806414
0.55867493,-0.49944118,0.7945355695344276,-0.6007113629272558
0.5591918,-0.49941936,0.7745773172638688,-0.5554203336584488
0.5597291,-0.49930957,0.771964881181906,-0.5573797003654739
0.56022465,-0.49919498,0.7513512530615395,-0.5086706497212726
0.5603635,-0.49903303,0.7771616953832069,-0.5704284047189591
0.5600752,-0.49892113,0.7718454041599996,-0.5679996819429701
0.55918074,-0.49859405,0.7814834918190483,-0.5940883856461397
0.55877274,-0.49828908,0.7855577812987157,-0.5733725942386064
0.5588652,-0.49832097,0.7869658235480496,-0.5761510156994651
0.5593447,-0.49823162,0.7942597126540794,-0.5983068110358433
0.5597642,-0.49818975,0.7972205295803291,-0.6079290659675295
0.5603042,-0.4982423,0.8238984568613795,-0.6441664180689658
0.5614122,-0.49832156,0.8143372971815801,-0.6437234998310206
0.5612595,-0.49874386,0.808591962559575,-0.6387986966094147
0.5612885,-0.49899718,0.8018923317292634,-0.6237607992242143
0.56133,-0.49906626,0.7973442606268798,-0.6297187072735487
0.56203914,-0.49903047,0.7928594370860071,-0.6056247941029683
0.5624414,-0.49897495,0.7887324836369476,-0.5693330267990072
0.56338125,-0.49924666,0.7815229582502254,-0.565345923683198
0.56423074,-0.49934435,0.7729638395061201,-0.5279716344527033
0.56433845,-0.49939933,0.7774836310290993,-0.5589691648768136
0.5644075,-0.49947527,0.7736538707790451,-0.5460176321347443
0.5645451,-0.49961177,0.7695939386205027,-0.5298469687253429
0.56377447,-0.49964222,0.7585535613964783,-0.5189894558947302
0.56294113,-0.499686,0.7492084919856441,-0.5096225802556493
0.56274337,-0.4996846,0.7534376236777254,-0.5217096830894689
0.56215996,-0.49986228,0.7647948106064112,-0.5195459757132062
0.5615052,-0.49991214,0.7767516159038312,-0.5522447667050049
0.56143314,-0.49996263,0.7706855547274187,-0.5374134251749981
0.561359,-0.5000547,0.7741619533678359,-0.5628872379061248
0.56077266,-0.5000543,0.7733052714942343,-0.5650673095077083
0.5609342,-0.5000761,0.7764431570177167,-0.5432422097895351
0.56054956,-0.50008553,0.7877630241476445,-0.5744760315289734
0.56095296,-0.5001048,0.7866828683126973,-0.5985750815643284
0.56142926,-0.50005937,0.7910665583033717,-0.6101075103765543
0.56170183,-0.50014246,0.8045342182543268,-0.6200455000681342
0.56195575,-0.5001039,0.8028047363468697,-0.6219736989035435
0.56207186,-0.50013125,0.8133526516270677,-0.627987124604916
0.5621962,-0.50015,0.8019754043287035,-0.6228528266870567
0.5623706,-0.5001563,0.7951461795235908,-0.6147639666594021
0.56276834,-0.5000596,0.7934935557732609,-0.6158450473755722
0.5628615,-0.5000075,0.802064454804932,-0.5984989917115234
0.5627873,-0.4999116,0.7844066166152537,-0.5667309547507698
0.5630293,-0.49993742,0.7634263061690267,-0.5536936743840529
0.5630351,-0.500136,0.7676357387290575,-0.55678661038812
0.56034404,-0.5005189,0.7674690245057257,-0.541938119672798
0.5591996,-0.5010449,0.7563532520574042,-0.5457442706540139
0.5580907,-0.50118965,0.7295495731743106,-0.4769013393478922
0.5579228,-0.50147134,0.7280632682876572,-0.4701773779557145
0.55794466,-0.5017262,0.7242334914932995,-0.480794254377872
0.55819535,-0.50182474,0.7190817505018388,-0.4768722919331668
0.5582861,-0.5019562,0.7336868484594219,-0.4955785676932414
0.55836207,-0.502004,0.7212168438735509,-0.436568336305072
0.5586161,-0.50220424,0.7048749855364003,-0.4630580983547728
0.55864245,-0.5021008,0.7081101596544949,-0.4635608456456646
0.55882365,-0.5023319,0.6978698386721439,-0.4378523408007422
0.5596869,-0.5028322,0.7196553295050258,-0.4616701807336769
0.561059,-0.50318736,0.718214396248855,-0.4658748054220143
0.56088275,-0.5034581,0.7140081308335587,-0.4524617101663413
0.5612547,-0.50406337,0.7289999052546715,-0.4763865791381242
0.56074846,-0.5045093,0.7200568021594083,-0.4549032646718895
0.5603004,-0.5050052,0.7444520506109593,-0.4716937974661964
0.5602256,-0.50524527,0.7352232068858079,-0.4896607158940699
0.55967164,-0.5054614,0.745083929463386,-0.509119660311188
0.5596443,-0.5061986,0.7487840015953608,-0.5156571365865069
0.5604456,-0.5064864,0.7530018501620144,-0.5339948119951788
0.56178683,-0.5074522,0.7675718657790308,-0.5357901827185219
0.5631952,-0.50740117,0.7544823747625492,-0.5368243809582239
0.5641052,-0.5073143,0.7669421192324899,-0.539480585631928
0.56475943,-0.50708044,0.7582860070995262,-0.5371182513116358
0.56464666,-0.50674814,0.755275862868195,-0.5435652750560231
0.5645231,-0.50648314,0.7569956333769116,-0.535407845730327
0.56481016,-0.50636876,0.7484727658677008,-0.5163829012970726
0.5649254,-0.5063311,0.7470606021737165,-0.5132106329247902
0.5652017,-0.50629866,0.7643845600914598,-0.5242058715994466
0.5656155,-0.5062163,0.7661290569928685,-0.5445467643660981
0.56493664,-0.506197,0.7579396018293647,-0.5424853680417892
0.5637029,-0.50620365,0.7383956919145122,-0.513393443742852
0.5625743,-0.5062751,0.745291440465095,-0.4932676911203211
0.5617192,-0.50619817,0.7560291871352157,-0.5472062736642485
0.5616,-0.5061204,0.7464680474752834,-0.522962602398405
0.56140745,-0.5059865,0.7443047893766552,-0.5128012445385406
0.5619213,-0.50536394,0.72353007199078,-0.4947262579101629
0.5621745,-0.504882,0.7170052666538743,-0.4516463721450993
0.56265116,-0.5046818,0.7201505717059837,-0.4693023758132389
0.56297314,-0.50440574,0.7264157400635982,-0.4690241279359633
0.5633725,-0.5040369,0.7331873645586077,-0.4751014240852675
0.5640723,-0.5034153,0.7334361791755596,-0.4918653886557763
0.5647243,-0.50295097,0.7342860526764249,-0.4686530781342041
0.5650191,-0.50265586,0.7333960395027588,-0.4807453273094354
0.56560475,-0.5023719,0.7293712902573177,-0.4661256348259187
0.56625795,-0.50215495,0.7244733534580284,-0.4752339527257856
0.5664318,-0.5019491,0.7395415995820537,-0.4900464985923246
0.5669446,-0.5016926,0.7360385232915406,-0.4928292569384897
0.5673737,-0.50138944,0.7484064211717955,-0.5083287265867403
0.5677524,-0.50093246,0.7442504987515468,-0.5045702186567453
0.5684008,-0.50063014,0.7434842511907381,-0.5018708156125458
0.568672,-0.5005592,0.7391794801911137,-0.4849095841253262
0.5689523,-0.5004359,0.7162951760412567,-0.4416306735669868
0.5691524,-0.5002445,0.7185277658231128,-0.4482177645499244
0.5696146,-0.5000186,0.7208623160375034,-0.4563122315795367
0.5696129,-0.49990338,0.7041660811169,-0.4386137816903054
0.56964433,-0.49983925,0.7039981825107061,-0.4290345545409185
0.5698756,-0.49973482,0.7076939671221509,-0.4305085187816989
0.57069135,-0.49983546,0.7090509405476093,-0.4201982740563259
0.57093495,-0.49985224,0.7103702410059557,-0.4577496627752722
0.57104623,-0.4999351,0.7200357733144864,-0.4710071149643417
0.5711115,-0.4999465,0.7181700414769508,-0.4718893400917837
0.57137626,-0.49998152,0.7151045789891461,-0.4556517677321112
0.5714486,-0.50000095,0.7306487222208438,-0.4796011142165745
0.5714798,-0.49990952,0.7184542426560745,-0.4626220792856211
0.5712302,-0.49989825,0.7200335316766778,-0.4740860419253955
0.57107913,-0.49967414,0.7147013729651447,-0.4504604852070591
0.5706367,-0.49947715,0.7112257133922236,-0.4631398634911615
0.57035834,-0.499275,0.7360284062465114,-0.490137582698978
0.5704405,-0.49906284,0.727916022005084,-0.4866107711136833
0.5702553,-0.4990257,0.726499502463947,-0.4949080543902238
0.57034254,-0.49897236,0.7255664792086878,-0.4754593146978765
0.5702208,-0.49883747,0.7201265784625854,-0.4578349166214129
0.57030785,-0.49866566,0.7288010215497783,-0.4629909668025499
0.57048917,-0.49845645,0.7110013093540323,-0.442765406364095
0.5709256,-0.4981881,0.7131869885258401,-0.4516988192794749
0.5715969,-0.49780825,0.7203417778780027,-0.4538537612081765
0.5721239,-0.49781197,0.7096145932824655,-0.4545264278291994
0.57240516,-0.49757695,0.6989847852368108,-0.4350561609281638
0.5725991,-0.49744922,0.7013904289891693,-0.4193456128696435
0.57291573,-0.49737567,0.6897561338287522,-0.4064507146179882
0.57318926,-0.49730143,0.6975792688281284,-0.4019100817273777
0.5733034,-0.49717128,0.6889613938036203,-0.4182349636132904
0.5734011,-0.49708202,0.6859823490639682,-0.3995247936039345
0.57285315,-0.49695104,0.6891416646716108,-0.4161169863017953
0.57229996,-0.49683893,0.696872672383281,-0.4297513632699494
0.5714149,-0.4968192,0.7007515604240999,-0.4136156194969363
0.5705359,-0.49677774,0.70279514923328,-0.4397686048755653
0.5702964,-0.49654427,0.7042500801122943,-0.4302564106994225
0.5702795,-0.49633873,0.6960930909258429,-0.4121814489843002
0.5706588,-0.4961753,0.7066351421987336,-0.4487150213819675
0.5709288,-0.4959633,0.7055365973482903,-0.4297942480777585
0.57113546,-0.49587172,0.6971643906648912,-0.4253416828697762
0.5715285,-0.4957847,0.6963361067741174,-0.4391215437725115
0.5721427,-0.4956961,0.7042515701515544,-0.4180384118717463
0.5726972,-0.49562696,0.6851381717580103,-0.3840553589585123
0.5731929,-0.49539125,0.6790625190849663,-0.3863951795874369
0.5739567,-0.49529123,0.6812105239417346,-0.3840985270755107
0.57455045,-0.495272,0.6775426371957693,-0.3842023521123056
0.5746899,-0.49521703,0.6803102342672969,-0.3845019017590351
0.5749808,-0.4951693,0.6691082221796628,-0.3815270420292285
0.5753504,-0.49513763,0.676643661773889,-0.3805324276452974
0.5758234,-0.49491113,0.6857215944347698,-0.3861621005781943
0.5764011,-0.49475145,0.6746781425244287,-0.3583988582676449
0.5769397,-0.49446523,0.6754285423411316,-0.3553362940991206
0.5773599,-0.49415788,0.6785862142474227,-0.3694721415485374
0.57762444,-0.49375135,0.6723492757655701,-0.3843703279441985
0.57794285,-0.49327788,0.6877185230704979,-0.3645859957947405
0.57802963,-0.493073,0.6609616408743554,-0.3742767888960907
0.57794535,-0.49291316,0.6789498067480916,-0.3896582033568217
0.57773316,-0.49267966,0.6871235183935472,-0.3838901011726313
0.57768875,-0.49223927,0.7019929981257976,-0.4153921161222583
0.57745737,-0.49181062,0.7124829112427391,-0.4551676492368904
0.57779646,-0.49128067,0.730824185699598,-0.4806454681256745
0.5767335,-0.490454,0.7380471617916851,-0.4649107970337934
0.5750993,-0.48930657,0.7353957748495287,-0.51110439756493
0.573963,-0.4886258,0.7404988635457022,-0.5033332371323188
0.57273334,-0.48813793,0.7566549687946562,-0.5261740187900515
0.5715346,-0.4875336,0.7580015084029192,-0.5303434286318123
0.5692305,-0.48669672,0.7737257893570093,-0.5527173281730166
0.5677544,-0.48614576,0.7706130376042688,-0.560891798237549
0.5661856,-0.48550045,0.7885944372138304,-0.5868874137548982
0.5650679,-0.48510948,0.7917678438880835,-0.5866452850388523
0.56347424,-0.48411477,0.7853185100293021,-0.5698492719104754
0.5623305,-0.48304096,0.7742625073597247,-0.5654227173140086
0.5626606,-0.48359936,0.7704398934478176,-0.5571767279740509
0.5629469,-0.48356557,0.7702114996402891,-0.5608510850884311
0.56313354,-0.4837515,0.7895249473067013,-0.5945449947642005
0.56336844,-0.48288763,0.7900478717045141,-0.5964086316053676
0.5637843,-0.48255727,0.7927826583299086,-0.6138902105089181
0.5638086,-0.48291737,0.7981679563905546,-0.6204928572572403
0.56437874,-0.48304316,0.7875842999660552,-0.5844664601534815
0.56531644,-0.4829928,0.7805713767197127,-0.5905394256461062
0.56596583,-0.48301584,0.7787260302424448,-0.5726876659148132
0.56819654,-0.48309577,0.7727091427979782,-0.5547631259034261
0.5684119,-0.4833023,0.759388676241293,-0.5451228944518703
0.56910497,-0.48400694,0.7553261159802266,-0.5361773747476088
0.5699618,-0.48454154,0.7299506067603215,-0.500923924929681
0.5702077,-0.484993,0.735913621279931,-0.5155990631053773
0.57022154,-0.48518354,0.7362055682592228,-0.5041473013328779
0.5713795,-0.48509845,0.7518378005764051,-0.5256978281034078
0.5728138,-0.48490536,0.7369060817354843,-0.5108441790294898
0.5748553,-0.48498327,0.7447323515307281,-0.5123459536260451
0.5757894,-0.48475146,0.7563793407449201,-0.5173020458590323
0.5802623,-0.4849504,0.7551275140179577,-0.5043159724525608
0.58271027,-0.48609343,0.7362637177970163,-0.4795734713350562
0.58300006,-0.48570764,0.7369150051680688,-0.5113332453531635
0.58106947,-0.48640877,0.7508099720039056,-0.5044287079770172
0.5803643,-0.48665792,0.7538600061074915,-0.5387632440803267
0.5791991,-0.48653725,0.7342042927409709,-0.5095748623384377
0.5779125,-0.48660034,0.7647279567990162,-0.53664776906853
0.57679975,-0.48713067,0.7630607149652443,-0.5700954060579285
0.5761575,-0.48737684,0.7904800037602958,-0.5952553176643454
0.5756879,-0.48747256,0.8005873506512222,-0.6095686487220094
0.5752926,-0.48732245,0.802690938800372,-0.6228119447381637
0.57511675,-0.48743632,0.8079295837855061,-0.6643833555448413
0.5747806,-0.48758897,0.8243456714508102,-0.6657295582436259
0.5744553,-0.48766494,0.8322203115634041,-0.6819626826237698
0.57339954,-0.48773623,0.8257083167136738,-0.6414446996382737
0.57318324,-0.48755565,0.8174164738206761,-0.6634185148189927
0.5744086,-0.48755145,0.825117814228944,-0.6450948802895778
0.5744678,-0.48700392,0.8061451156452893,-0.627947337370832
0.5744663,-0.48633742,0.8021985163056725,-0.6272387287539666
0.574226,-0.4860952,0.8149876072873031,-0.6469977443822188
0.5737593,-0.48613542,0.8061038071804143,-0.6338546339160183
0.57323384,-0.48608133,0.8041623946796641,-0.6177482883214171
0.572739,-0.48599368,0.7893550871994355,-0.6178925089629357
0.57202023,-0.48589075,0.7866093698027272,-0.598165484222568
0.5716809,-0.48578462,0.7941559413956462,-0.6020860060494483
0.57142687,-0.48571548,0.7973386307400472,-0.6021769605007974
0.57070196,-0.48563927,0.7847154169047362,-0.5773579590264359
0.57017416,-0.48559505,0.7764573277162984,-0.5584605128606485
0.56944966,-0.4855484,0.7566588971033151,-0.5422284815312891
0.56888,-0.48547074,0.7599676213874723,-0.5491025139958712
0.56900483,-0.4853812,0.7463948988429304,-0.5080552141801618
0.5692573,-0.48535743,0.7331649563177733,-0.4833812440236194
0.5694166,-0.4852496,0.7312302494215185,-0.5076617025315434
0.56965756,-0.48519734,0.72727934412947,-0.4958125471520643
0.5697651,-0.4851466,0.7302595754654199,-0.4947077309736447
0.5698156,-0.48514155,0.7343475830297055,-0.4700727092323161
0.56961656,-0.48495016,0.7330110528281283,-0.4824675655678772
0.5693632,-0.48468828,0.7636262186966043,-0.5300823638339558
0.56903195,-0.48437247,0.7506564070084256,-0.5322686336388283
0.56861776,-0.48409298,0.7502324245199185,-0.5550962325733246
0.56815684,-0.48376918,0.7526067088630688,-0.5248463021405685
0.56790245,-0.48347768,0.7286826339947684,-0.4887814491687327
0.56790406,-0.48321137,0.7049225611029203,-0.4338849500330723
0.56798404,-0.48285845,0.7075239485387202,-0.4400756204055577
0.5693222,-0.4826411,0.7157962714886499,-0.4575240844430199
0.57177293,-0.4825767,0.6987722328237994,-0.4165706283850238
0.573283,-0.4826351,0.7061129757173008,-0.4530812262295624
0.57323724,-0.4831845,0.6905721321862718,-0.4052589842831696
0.573809,-0.4838243,0.6963567845320512,-0.4087373715162344
0.5745198,-0.48442808,0.7025444777052317,-0.4212570592782339
0.57496524,-0.48464492,0.704473902980979,-0.4244764727613919
0.57484466,-0.48488906,0.7073609942865065,-0.4351345335431519
0.5736919,-0.4851324,0.7056791580302215,-0.4197379161986959
0.5733621,-0.48501915,0.7034668717371073,-0.4327815338900187
0.5735095,-0.48490807,0.6985408053615255,-0.4371651724889892
0.5729402,-0.48476198,0.7174166735278772,-0.4462500292212128
0.57265776,-0.48464313,0.7195675028226427,-0.4395461729986755
0.5716822,-0.48476395,0.7200721596810289,-0.4907801440419146
0.57151634,-0.48493466,0.7265406203113464,-0.4928090815816798
0.57146835,-0.48501003,0.7438591622541252,-0.5076698522070069
0.57125044,-0.4848422,0.746127955720703,-0.5215623754796372
0.5707644,-0.48477203,0.7673317495653437,-0.5579112006425568
0.5709451,-0.48465624,0.7770762537962508,-0.5822084341640212
0.57121134,-0.48459145,0.7924483519795605,-0.605252726878048
0.57127255,-0.4846448,0.7974275037280141,-0.6216807698038782
0.57133675,-0.4846818,0.8143520897511429,-0.6263703424124561
0.5714652,-0.484795,0.8120598250857655,-0.6469505250111839
0.57158697,-0.48470065,0.8241588523225019,-0.6621707039587769
0.572212,-0.4844714,0.8099336384512003,-0.64629038735714
0.57208496,-0.48475316,0.8236189431807676,-0.6380331213168323
0.57224756,-0.4849061,0.8187968290133949,-0.6252219741250226
0.5726394,-0.48502967,0.7935426548763553,-0.6053884551517714
0.572572,-0.4850461,0.7923660256040759,-0.5797438449313334
0.5723738,-0.48511657,0.7994150933447649,-0.6032700960337858
0.57227457,-0.48518196,0.7927490214072175,-0.6138889572783798
0.57219595,-0.48523584,0.7907794632828015,-0.6013270056843972
0.57218915,-0.48528352,0.7962690058001224,-0.5672691589348048
0.5721721,-0.48531806,0.7877319728959857,-0.5943484981233691
0.5722151,-0.48525766,0.7738983626219029,-0.5729439397993265
0.5721818,-0.48518765,0.7732677083896322,-0.5684525501897256
0.5718971,-0.48519787,0.7622344484587763,-0.5318884361578079
0.5725229,-0.48535746,0.7635619233831383,-0.5339628272204057
0.57296014,-0.48560664,0.7578753585085549,-0.5180298756359588
0.5733264,-0.48577026,0.7370404741976008,-0.5030070812468279
0.57273984,-0.48593855,0.7482448160531481,-0.5120203460359369
0.5725616,-0.48603243,0.7599304065958262,-0.4869688499994778
0.57232744,-0.48612335,0.7639134022198456,-0.5344926177950163
0.57224745,-0.48619732,0.7710613940691459,-0.530383264831395
0.57244563,-0.486241,0.7645250006583758,-0.5464252537009174
0.5724464,-0.48627356,0.7673797494865944,-0.5317582214754947
0.57248527,-0.48633474,0.7793869871890693,-0.5674907889395825
0.57254475,-0.48646617,0.7894359822524114,-0.5702173511726266
0.57255137,-0.48650402,0.7807780591003601,-0.5738112869548719
0.5727018,-0.48652962,0.7597871746191454,-0.5718601525860028
0.5727512,-0.4866332,0.7950413261679216,-0.5723100181120699
0.5727995,-0.48688105,0.7861954170347639,-0.5934775965149669
0.57253134,-0.48715457,0.7920165865482545,-0.6112491842585812
0.5723262,-0.48735657,0.8042277544542806,-0.6326160603271349
0.5721346,-0.48754233,0.801470962751747,-0.6306347080543874
0.57313037,-0.48801884,0.7876265628651045,-0.6037378876182005
0.5736767,-0.48846585,0.7992767291014076,-0.6321658830386055
0.57359755,-0.488768,0.7979283887114065,-0.6240749966519704
0.5733503,-0.48896325,0.7980935533571395,-0.6382205991374014
0.5729356,-0.489103,0.7828844664123258,-0.6069142524405015
0.57257456,-0.48920992,0.7771229591505626,-0.6078567907359118
0.57232517,-0.48934415,0.7897461856786314,-0.6219937175280762
0.5719704,-0.48938358,0.7790827152803258,-0.587633638284304
0.57177943,-0.48939013,0.7780709183559914,-0.5876812925336089
0.571101,-0.48936093,0.7617480317833201,-0.5602394728364575
0.5707287,-0.4893408,0.7469802757374746,-0.5300624372210012
0.57009745,-0.48931938,0.732173516405992,-0.4940115352172501
0.56981087,-0.4893358,0.7319209659481463,-0.4741887494029188
0.569648,-0.48945877,0.7268223469369831,-0.4720740558770253
0.56939286,-0.48951864,0.7113178320488309,-0.4481267864925576
0.56945413,-0.4898385,0.7171657635566012,-0.4313168448007221
0.5695651,-0.49009743,0.7063686840718147,-0.4255038176676575
0.5698179,-0.4902466,0.7024628035404605,-0.4207506039202319
0.5704461,-0.49058774,0.7056323005539071,-0.4200886890190209
0.57120985,-0.49087214,0.6828706778725954,-0.3981844532656773
0.57161444,-0.49096942,0.6794654250497705,-0.3839588286135127
0.5718197,-0.4911574,0.6606579541140748,-0.3541143764545044
0.5712861,-0.49143648,0.6618967180570331,-0.3239468947322924
0.5709047,-0.49141246,0.6497642810455748,-0.3194253702121621
0.57029843,-0.4912735,0.6542717716131928,-0.3378530609341597
0.5698041,-0.49121153,0.660449470803041,-0.3358156370956427
0.5691059,-0.49112955,0.6590190805796947,-0.3280386825239478
0.5685657,-0.4912515,0.6692440008401602,-0.3342308547263451
0.56859165,-0.4909624,0.6519767711068952,-0.3197462386944105
0.5689347,-0.491235,0.643594683113693,-0.303913641502697
0.5690835,-0.49142775,0.6344347812526921,-0.2968952126317748
0.56974816,-0.49176016,0.6514887507058202,-0.3245779216606183
0.57033896,-0.49180934,0.6623880492413896,-0.3210811248488691
0.57078654,-0.49188492,0.6470169742247888,-0.3122765871665612
0.57236874,-0.4919787,0.6489002206380793,-0.3112668180209194
0.5738887,-0.49399135,0.6408201353192376,-0.3019547948293464
0.57691836,-0.4950141,0.6546938798052694,-0.3237295617397892
0.5790799,-0.4962927,0.6503186327408407,-0.3072830155970171
0.5810632,-0.49657732,0.6457474538494997,-0.3213092365878814
0.5822668,-0.4968843,0.6566362692746254,-0.3404859060058605
0.5834275,-0.49708718,0.6436159458641186,-0.3130016812377733
0.5843993,-0.49667972,0.6523977198935671,-0.3295013201362472
0.5858206,-0.49622646,0.6565300861240091,-0.323974109770744
0.58635104,-0.49614778,0.6514329342860385,-0.2957321501988694
0.58707744,-0.4960116,0.6406376247440086,-0.3171098736357574
0.5862816,-0.4959788,0.6546530235573604,-0.3097072198007552
0.5856681,-0.4959895,0.6486296976775695,-0.3032786017005752
0.5854227,-0.49608967,0.6475920251204085,-0.2999350843293952
0.58494115,-0.4961915,0.6589338609785733,-0.3221115523108525
0.5847875,-0.49625945,0.6417946594591338,-0.3055180695178124
0.5847879,-0.49626034,0.6387988939695893,-0.2981650378354902
0.5849015,-0.49631655,0.6505526786393698,-0.2933452543088801
0.5847563,-0.49654558,0.6462438353117806,-0.3079272765605884
0.58468604,-0.4964831,0.6604738277723105,-0.3349084816258975
0.5843445,-0.4963438,0.6702598338701933,-0.3560641158005043
0.5845996,-0.4961254,0.6767249319735785,-0.358475466000582
0.58479017,-0.4960019,0.6722414897606293,-0.3433861635596194
0.5852538,-0.49586844,0.6677620799999717,-0.3362687139262827
0.5845006,-0.4958848,0.6778745424105174,-0.3580015171847719
0.5838988,-0.49579132,0.6770479922292354,-0.3636666300997608
0.58207464,-0.49665,0.6901419545597924,-0.3758994989774632
0.5800897,-0.4973092,0.695414695580769,-0.3891406625319838
0.57993823,-0.497172,0.6910153669630823,-0.3876991027753734
0.57995427,-0.49752906,0.6871406832942769,-0.3803409732526362
0.57989,-0.49759698,0.6831764730824382,-0.3793265261125398
0.58013695,-0.49785888,0.6741938317420464,-0.3979702710213468
0.5808577,-0.49820527,0.6846331176807401,-0.3851467011235889
0.58096796,-0.4982237,0.687091358998703,-0.3629096748688152
0.58078325,-0.49807835,0.6769132171626346,-0.3604293232684248
0.5796218,-0.49809453,0.6736789774532438,-0.3715685737151217
0.5782334,-0.4985103,0.6689778286843068,-0.3579243530279921
0.5775736,-0.4986282,0.6723041344505539,-0.3541023663252315
0.57802564,-0.49875972,0.6585326232173082,-0.3469347249705495
0.5786482,-0.49859554,0.6517279534610767,-0.3274804784819566
0.5786747,-0.49816063,0.6473451165898475,-0.2986211419387048
0.57665545,-0.49815795,0.6391884236177747,-0.3156776643510187
0.5762927,-0.4980803,0.6352974766415919,-0.2759273986038723
0.5767128,-0.49732208,0.6304320816423004,-0.2756000386705413
0.57543665,-0.4968844,0.6346319375518387,-0.2799819585229957
0.57408357,-0.49650154,0.6303732010744898,-0.2807505030787018
0.57352346,-0.49627835,0.6175326831318213,-0.2512378942097633
0.57321894,-0.4962636,0.6220555732079254,-0.2599599389625012
0.5728395,-0.4958686,0.6167580009765036,-0.2510380199026022
0.57265884,-0.49575338,0.6132522517117314,-0.2627876497937217
0.5725314,-0.49566615,0.6152730778423554,-0.2566847193603623
0.57264405,-0.49565306,0.6111498302418646,-0.2321309931462184
0.5728289,-0.49568048,0.6070307650423811,-0.241844615981097
0.5730851,-0.49574387,0.6038012518669821,-0.216331027492373
0.5724786,-0.4958834,0.6156133686181396,-0.2435130093347285
0.57186884,-0.49594784,0.6175719127335868,-0.2457633218992578
0.57111335,-0.49600902,0.6091852568871395,-0.237583897629014
0.5704876,-0.4961125,0.6125966871300454,-0.2387593427080057
0.5702819,-0.49612966,0.6105737858218266,-0.239867038450874
0.5698314,-0.49638316,0.6174863168505869,-0.2545261943906182
0.56847245,-0.49651736,0.6122724515197442,-0.2343762854940355
0.5663495,-0.49685866,0.6029549013153449,-0.241305605426742
0.56577843,-0.49680838,0.6092868927706018,-0.2324515678813963
0.5660581,-0.49667895,0.6180294590485579,-0.2576071823238488
0.56615746,-0.4965448,0.6219990215875266,-0.2612325291055841
0.5660299,-0.49635908,0.6251457194037787,-0.2580351126561394
0.56559885,-0.49634433,0.6163638356575383,-0.2656618615364653
0.5650807,-0.496302,0.6264555645126949,-0.2705027256762751
0.564209,-0.4962073,0.6275487763662778,-0.2506379128874134
0.5637041,-0.49620628,0.628740250857857,-0.2717071344589574
0.56378216,-0.4963667,0.6359806795001232,-0.277733734722118
0.56498283,-0.49628994,0.6316351928278316,-0.2780563178945057
0.5652841,-0.49634072,0.629746202996702,-0.2865939402336223
0.5656988,-0.4964127,0.6452686960570928,-0.2833878348336556
0.5658535,-0.49650836,0.6443062828957828,-0.2983720031858004
0.5660048,-0.49655396,0.6490639335480712,-0.3163771760248309
0.5663341,-0.49673563,0.652369046697877,-0.3200472448938424
0.5665269,-0.49682707,0.6616173227199389,-0.3340921644774753
0.5671127,-0.49692655,0.6571078694548652,-0.3319688979284694
0.56756425,-0.49704793,0.6498299553524363,-0.3311809657430043
0.5681424,-0.49726233,0.649040950662087,-0.3268474735258007
0.5689149,-0.49758837,0.652034377635548,-0.3290377933106917
0.5690165,-0.4979643,0.677344795302629,-0.3467118057234624
0.5711566,-0.49794766,0.6644306368113044,-0.3532388030665263
0.5725282,-0.49783108,0.6627940629118881,-0.3489027374076636
0.5733983,-0.49765995,0.680760481516896,-0.3923677854682892
0.57352203,-0.497767,0.6647930363820722,-0.3469977726837185
0.5727735,-0.4980868,0.6602207627885315,-0.3100431937373783
0.5726302,-0.49811643,0.6804436149349917,-0.3768492255675393
0.57231873,-0.49818718,0.7054964726979424,-0.4081075941468834
0.5721499,-0.4982122,0.6717047108245591,-0.3738961263216236
0.5719485,-0.4982225,0.6753914680456644,-0.3845182174391188
0.57159376,-0.49813196,0.7216868102270423,-0.4627247090409972
0.5699529,-0.49809578,0.744410662795459,-0.5050459500206956
0.56932086,-0.49787644,0.7527155491863069,-0.5309961993073823
0.56900686,-0.4977546,0.7694383307590552,-0.5569512901769059
0.5687505,-0.49770322,0.7715834339279138,-0.5717338015676324
0.5678909,-0.49764106,0.8077465062797409,-0.6178047145317032
0.567814,-0.4975934,0.8109096112708997,-0.6360314096253215
0.56773096,-0.49740112,0.8274225701133301,-0.6601437863051627
0.5675872,-0.49727646,0.8391972254014108,-0.7033830451818821
0.5670919,-0.4971737,0.850893563630929,-0.7014232830638972
0.5658596,-0.49697644,0.8452714185917214,-0.6912329491265772
0.56209266,-0.49668482,0.8518079562778377,-0.7043477355636681
0.5604036,-0.49635503,0.8512596053984642,-0.7186184147533671
0.5603552,-0.4961368,0.8477511958773196,-0.7165111210117456
0.559972,-0.4960202,0.8524840632089866,-0.7278530451959621
0.55982995,-0.49579245,0.8367193472049802,-0.7026707802757873
0.55987716,-0.4954549,0.8403953775210193,-0.6792080717866724
0.5601159,-0.49501315,0.8188656175119666,-0.6608219118408707
0.5604909,-0.49463266,0.81240121855352,-0.6243790643948344
0.56075186,-0.49428245,0.7991540498047538,-0.5968203589168666
0.560925,-0.49396876,0.7854276257944939,-0.5837406403337114
0.5611777,-0.4936225,0.7660196600756645,-0.5549211623967529
0.56162643,-0.4931082,0.719059176125525,-0.4576481705014851
0.56139916,-0.49235997,0.7177210553871819,-0.4599147914364164
0.5617048,-0.49201804,0.7061884272180815,-0.4248130306884453
0.5621883,-0.49162003,0.6824605641046884,-0.3785641566837981
0.56312144,-0.49119425,0.7116325581407896,-0.4178876061581089
0.5639345,-0.49120277,0.7369203657474374,-0.4905760990827444
0.5648236,-0.4911791,0.7233724993625797,-0.4619125696343109
0.5668363,-0.49112904,0.7090779976652771,-0.4304888492755382
0.5689168,-0.49106613,0.7399354759724213,-0.5112529578066295
0.56972384,-0.4909362,0.7561241904282674,-0.5270090276010754
0.5704013,-0.49085104,0.7558542422923169,-0.5233524758335352
0.57104754,-0.49080303,0.7327267933356724,-0.5312160552954294
0.5715107,-0.490718,0.7528343165744545,-0.5323472395270255
0.5717595,-0.49076214,0.7589646547847108,-0.5295968705959508
0.57210135,-0.49111342,0.7681559328055446,-0.5453049868140674
0.5724705,-0.49139535,0.7667988615088265,-0.526307155024649
0.57274985,-0.49166238,0.7521005841350227,-0.5232002850067358
0.572867,-0.4916693,0.740134024191197,-0.5123900476992701
0.5726701,-0.49159393,0.7343573564294268,-0.4713373019479349
0.5717719,-0.49124625,0.7160697400379457,-0.4719798716950494
0.5711894,-0.49120024,0.7341332068933641,-0.484131151132287
0.5701638,-0.4903499,0.7356715110370801,-0.4631878427293388
0.5693124,-0.4897349,0.7132232553845751,-0.440762946423484
0.5674801,-0.48921824,0.7133210807805297,-0.4406449645924636
0.5656038,-0.48894292,0.696717402756577,-0.4056238431361734
0.5609808,-0.48949203,0.698490294892773,-0.3777822285873707
0.5544672,-0.49107164,0.6785475656887717,-0.3683930379765808
0.5492939,-0.4910955,0.6689615205769299,-0.3385840644901276
0.5428826,-0.49167457,0.660207540115565,-0.3364098324129529
0.54072,-0.49242866,0.6431062272589384,-0.30455200026408
0.54023784,-0.49331027,0.6339772116979161,-0.2700968846204089
0.5405219,-0.493251,0.6444306848743686,-0.2643365006143205
0.54401714,-0.4923853,0.6306057420605377,-0.2691260395983404
0.5443466,-0.49146226,0.6438181218215348,-0.2775369812478164
0.5433204,-0.49160847,0.6463785221322915,-0.3030653160938187
0.54184645,-0.49179566,0.655116794979853,-0.3079725005153865
0.54111725,-0.49191725,0.6430487806707378,-0.2962380686791861
0.5412912,-0.4922789,0.6108842276180403,-0.2240668096997852
0.5428178,-0.4917696,0.6056796593173639,-0.2254420538907348
0.54434234,-0.49126515,0.6162556017542873,-0.2394819071378593
0.5460049,-0.49115136,0.614185081399993,-0.2464358164983084
0.5507303,-0.49075738,0.6221597520038759,-0.2454424963244801
0.5539987,-0.49092263,0.6020555525545312,-0.224955666394309
0.55804473,-0.4914318,0.6260732025754632,-0.2601325448417954
0.56084895,-0.4923208,0.6256747420645585,-0.2503743758792324
0.5619733,-0.4922205,0.614571958148847,-0.2338543171116532
0.5639126,-0.49149498,0.6054651466122842,-0.2127724709541834
0.5632819,-0.4911984,0.5973079364810385,-0.2209190174515995
0.562307,-0.4904999,0.6053608854960667,-0.2196008876142035
0.5612435,-0.49083602,0.6025488315763499,-0.2007585835787562
0.5611834,-0.49122038,0.6058724631339929,-0.2240106048000132
0.5616504,-0.4919714,0.602144302853831,-0.2097694412581763
0.564021,-0.49194095,0.592191197564518,-0.1875987009286379
0.57025695,-0.49192667,0.5845107582878212,-0.1845818108124779
0.5816491,-0.49078774,0.5852672526652314,-0.1629849172490233
0.5836437,-0.49060398,0.5763831860371533,-0.1474341843244534
0.58129275,-0.49076614,0.5691312067344206,-0.1389038457956094
0.57850397,-0.49192286,0.5695844590072434,-0.1431028556878937
0.5797325,-0.49294922,0.568331556869885,-0.1339456298491483
0.57880086,-0.49361983,0.5596746171628951,-0.1173261170812661
0.57884806,-0.4943689,0.5523255174990593,-0.1031954359148293
0.5777062,-0.4949764,0.5455243856168465,-0.1017658640512789
0.57604754,-0.49557158,0.5455352169786363,-0.0835347522656942
0.5755678,-0.49545544,0.5362784031497426,-0.0770179093295933
0.5750582,-0.49551833,0.5377801505747268,-0.0707232025417652
0.5745288,-0.4955034,0.5339965758940476,-0.0667048086296731
0.5751605,-0.49525106,0.5304747882693313,-0.063541383932326
0.57621384,-0.49491864,0.5272588300530229,-0.0611827026993967
0.57775486,-0.49459356,0.5243927435975665,-0.0595785391805581
0.57993394,-0.49450418,0.5219205712554067,-0.0586786676254829
0.5813072,-0.4944864,0.519886355378988,-0.0584328622838437
0.5820045,-0.49443534,0.5183341383207549,-0.0587908974053133
0.5825935,-0.4944659,0.5173079624331519,-0.0597025472395647
0.58230233,-0.4945356,0.5168518700686233,-0.0611175860362705
0.58159167,-0.4947015,0.5170099035796137,-0.0629857880451035
0.58130544,-0.49475747,0.5178261053185677,-0.0652569275157363
0.58103466,-0.49474797,0.5193445176379294,-0.0678807786978419
0.5813696,-0.49494106,0.5216091828901436,-0.0708071158410927
0.5824235,-0.4959724,0.5246641434276548,-0.0739857131951618
0.58286905,-0.4961099,0.5285534416029073,-0.0773663450097219
